AMI_ES2011a_H00_FEE041_0003427_0003714  [
  42.32011 -12.48208 1.900515 18.86659 0.384828 3.898277 9.10675 11.72613 16.38993 4.614856 2.007691 -3.38342 6.81159 
  43.91035 -14.41586 -6.498507 16.17867 5.628256 2.447518 12.5414 11.06519 10.61931 -2.533182 1.798071 3.157479 12.20709 
  44.19098 -15.84517 -3.784977 19.76257 0.9367678 -5.070046 1.91567 2.878386 -6.895737 -5.838549 -3.337613 4.186384 14.77638 
  44.19098 -12.398 -0.1669374 18.86659 7.744025 -5.333821 9.965412 17.67455 1.353437 -11.6266 1.588451 1.981587 13.49174 
  44.09744 -12.22985 0.4791412 17.07464 -4.933371 -14.34727 13.40006 19.65735 -6.895737 -0.5170689 14.85915 -4.632805 11.69324 
  44.00389 -11.80946 -0.4253688 19.76257 -0.9030315 -12.48029 13.40006 5.440923 -9.532608 9.459814 12.32432 8.94466 13.74867 
  43.62972 -12.06169 -0.9422317 14.38671 -1.951885 -6.879356 18.26581 17.01361 -11.11473 8.915986 13.16926 4.039398 16.83181 
  44.09744 -11.97761 -2.49282 13.49074 0.8447778 -21.19286 14.25872 13.70893 -14.80635 2.873667 8.381244 1.393641 5.736813 
  45.12642 -8.446367 -1.846742 22.4505 13.20275 -18.70355 15.97604 14.0394 -9.005234 -7.078846 -2.813563 4.627344 5.588113 
  46.1554 -5.844118 6.681496 38.57808 26.83148 -9.990986 10.53785 13.70893 -14.80635 -11.6266 4.418319 2.05508 0.457973 
  49.84646 6.705277 17.94469 35.89015 13.72693 -24.92681 8.82053 18.33548 -12.16948 -3.771389 -0.7173657 -13.19806 -11.28407 
  53.18282 15.07154 15.41835 26.03441 14.5132 -29.28309 -0.997345 10.40426 1.12744 -11.21317 -1.031796 -9.140835 -1.549473 
  55.68509 17.58142 11.53168 17.97062 8.755915 -25.54914 -8.279882 11.72613 4.517392 -9.146006 -4.071282 4.77433 1.94497 
  56.51918 17.99973 8.3613 8.771696 20.2792 -21.19286 -21.0414 6.850317 16.13276 -6.665413 -4.280902 5.034976 -3.424451 
  56.51918 18.83636 6.164633 3.161108 25.25893 -18.70355 -23.02667 -0.06853008 16.13276 5.347988 -6.796339 -3.750886 0.3092732 
  55.68509 18.83636 8.102869 1.073447 19.75502 -8.746334 -24.61489 -4.424841 14.84694 9.1879 -7.478626 1.908093 -3.424451 
  54.43395 19.67299 8.3613 -1.666608 17.92038 -4.01495 -21.0414 -7.503487 9.715318 9.1879 4.627938 -3.603899 -9.203587 
  53.18282 18.41805 9.395025 -1.666608 18.96875 -4.938159 -15.48262 -6.987377 2.935414 15.98575 1.483642 3.524945 -8.972421 
  51.93169 16.74479 11.33734 -1.797086 18.44457 0.2054377 -19.45318 -8.5357 5.873373 10.54747 6.409706 -5.083609 -8.278925 
  52.34873 19.67299 13.86368 0.2905741 11.89229 -1.904756 -18.26201 -22.47061 9.037328 6.08112 -3.023183 -2.721981 -8.278925 
  49.84646 16.32648 15.22402 7.466908 16.34784 -7.501682 -19.85023 -17.30953 2.596419 10.54747 -5.74824 -9.591639 -6.429602 
  53.59986 18.83636 6.939927 6.814514 15.56156 -11.23564 -16.27674 -6.859251 9.263325 11.0913 -7.005959 -1.325609 4.844614 
  53.59986 18.41805 5.001692 8.902175 17.13411 -21.19286 -22.62962 -0.9654174 17.67575 1.22412 -3.756852 3.745424 4.993314 
  55.26804 15.48985 3.192671 17.97062 13.98902 -26.79379 -28.58545 9.156599 14.84694 -3.771389 -4.385712 7.120141 6.554661 
  56.51918 13.8166 0.608357 26.03441 10.31974 -33.63937 -26.60017 14.36987 11.76096 -12.04003 1.378832 8.162723 6.81159 
  56.10213 12.14335 4.355613 32.30624 4.064426 -38.61798 -25.80606 15.36127 7.229353 -13.28033 1.798071 7.380786 5.142014 
  55.26804 10.88841 8.748947 34.54618 6.640145 -44.21892 -23.42373 15.0308 -5.840988 -11.21317 4.837558 -2.574994 4.993314 
  50.26351 9.215156 16.58435 30.96228 12.67856 -34.2617 -21.0414 3.775274 -11.64211 -8.732574 4.627938 3.083985 -0.8803244 
  50.68055 8.37853 16.97302 27.37837 10.22775 -24.30449 -20.64434 10.07379 -12.69685 -3.357956 14.01421 2.27556 3.208918 
  48.86816 5.450338 21.24836 26.93038 7.284076 -18.08122 -22.23256 3.9034 -11.64211 -3.266315 17.39399 6.598849 -8.51009 
  48.40044 6.705277 22.0257 23.79447 7.192085 -21.19286 -18.65907 8.259712 -12.69685 1.773969 6.304896 5.295621 0.457973 
  51.93169 8.796844 14.25235 31.41027 6.180196 -33.01705 -12.6494 7.490952 -13.7516 2.232176 -4.804951 3.965904 7.839305 
  56.93622 10.4701 7.45679 37.6821 0.1088581 -40.48496 -7.114676 -0.4529104 -13.22423 5.989479 -5.53862 2.863506 -0.2111757 
  61.52371 12.97997 -0.5545845 39.47406 -6.424112 -46.0859 -10.61029 -4.168588 -6.895737 6.72261 -3.547233 -1.105129 1.87062 
  64.86007 12.97997 -5.852429 34.54618 -11.89017 -44.84124 -17.07085 -4.040461 2.822416 2.598742 -5.224191 -8.239229 4.993314 
  67.36234 12.56166 -11.29584 28.27435 -20.33771 -39.86264 -20.64434 -3.527954 3.387408 1.499044 -14.56865 -10.04244 1.573221 
  69.86461 10.88841 -16.31251 18.86659 -24.80994 -39.24031 -24.21784 -6.987377 5.421379 -11.6266 -18.34999 -22.21412 1.94497 
  71.11574 9.215156 -15.83473 5.640205 -24.31302 -39.86264 -24.61489 -6.987377 -4.258865 -11.6266 -24.02201 -32.58259 -3.193285 
  73.618 4.613711 -14.87918 -1.144692 -18.84697 -33.63937 -29.77661 -3.015446 -4.78624 -12.04003 -28.27602 -29.87778 -6.198436 
  75.28619 -0.8243599 -15.59584 -6.968443 -23.31919 -29.28309 -26.60017 -9.051807 -6.368362 -14.93406 -36.31138 -33.0334 -9.203587 
  75.70323 0.8488927 -15.11806 -7.727419 -26.30068 -29.28309 -25.409 -8.5357 -6.368362 -9.559437 -34.89338 -33.4842 -1.921222 
  74.03506 1.685519 -10.57917 -16.83512 -32.26365 -31.7724 -25.01195 -13.18067 -10.58736 -19.89524 -28.74869 -16.80449 1.79627 
  70.28165 2.103833 -9.62361 -28.59924 -33.25748 -30.52774 -25.01195 -18.34175 -19.55272 -29.81761 -35.36605 -20.41091 -3.424451 
  67.36234 -1.660986 -10.81806 -29.7377 -32.76056 -31.7724 -30.96778 -25.56726 -29.57283 -23.2027 -37.25672 -23.56653 0.08622384 
  64.44302 -3.752552 -6.756939 -17.5941 -28.78525 -28.03844 -39.70299 -25.05115 -29.57283 -17.00122 -27.33069 -11.39485 5.736813 
  60.27258 -8.950831 -5.723213 -8.486393 -16.85931 -27.41611 -40.10004 -36.40552 -37.48344 -16.58778 -17.40466 -3.897872 10.92245 
  59.43849 -12.06169 -7.234717 -5.450493 -15.36857 -13.10262 -31.76189 -27.11558 -18.49797 0.9491954 -17.40466 -5.083609 7.325447 
  51.93169 -19.74047 -5.981645 -4.66762 -15.86548 -14.96959 -29.37955 -14.72899 -23.24434 -9.97287 -7.005959 -5.53441 8.096233 
  50.68055 -20.78494 -12.25139 -10.38383 -7.417942 -9.36866 -20.64434 -8.5357 -7.423111 0.5826292 -6.377099 -6.88682 1.127122 
  49.05524 -23.39611 -7.712496 -7.727419 -1.951885 -1.772869 -16.27674 -14.21289 -3.505494 6.997536 -0.0885067 -10.04244 -9.665916 
  49.84646 -20.36715 -8.668054 -8.106907 -5.927198 -1.377207 -21.43845 -18.85786 -2.488509 3.240233 -4.071282 -12.74726 0.6810226 
  51.93169 -23.39611 -15.11806 -2.188523 2.224627 1.919971 -6.677724 -28.1478 -5.313614 6.997536 -12.67798 -19.96011 10.66552 
  52.34873 -23.50056 -14.16251 -1.536129 -12.38708 0.601099 -0.1234398 -31.24444 5.647376 22.51168 -17.40466 -11.84565 18.63032 
  55.26804 -12.48208 -18.7014 0.4210529 -0.07512188 2.183744 -10.17334 -40.01828 4.404393 6.447686 -19.29533 -7.337624 18.63032 
  47.65209 -12.56615 -11.05695 0.5515318 -1.454971 12.89582 -2.745153 -13.18067 -9.532608 7.730667 3.684649 -6.436016 11.43631 
  45.96831 -12.398 -5.20635 2.769671 -4.933371 7.327342 2.352623 1.597118 0.3364511 -1.80005 -11.73264 -11.84565 -3.193285 
  45.96831 -9.539372 3.321887 9.946006 4.432386 16.30276 3.517828 17.34408 5.195382 -0.333786 8.94454 -9.591639 3.060218 
  46.99729 -9.118986 9.782673 8.249781 4.156416 14.78857 9.679192 16.35267 10.98947 5.256347 5.780847 -5.083609 3.655016 
  47.74564 -6.262431 12.69768 11.69878 5.720246 14.41002 -4.05601 20.31829 4.291395 6.356045 12.88762 -6.88682 2.762818 
  54.01691 1.685519 9.136595 -0.3618197 3.696466 26.52361 0.3135118 2.109626 10.98947 14.62618 10.63443 -0.1497173 -1.698173 
  51.0976 -0.8243599 9.653458 3.030629 3.696466 25.00941 0.167861 -2.374812 2.709417 14.08235 15.98575 4.627344 4.993314 
  48.86816 -4.170865 11.33734 11.12032 8.019995 23.87376 2.352623 12.05659 9.828317 12.17895 24.15355 7.120141 -14.28922 
  48.86816 -2.915926 20.8597 17.07464 16.34784 30.68765 6.816986 15.69174 4.291395 -0.333786 3.999079 2.128573 -0.06247592 
  50.26351 -4.170865 16.58435 12.59476 5.812236 10.09697 10.53785 19.32689 0.7884445 -2.624824 -12.67798 -5.083609 -6.891932 
  48.68107 -5.007492 16.39002 13.49074 5.260296 10.22886 2.352623 11.72613 4.743388 -1.983333 3.999079 -0.737663 -7.123097 
  47.27792 -4.589179 19.30503 18.41861 15.56156 11.38162 -2.745153 14.36987 8.133341 14.35426 11.19773 -4.485818 0.6066728 
  48.21335 -6.262431 16.19569 13.04275 12.41647 10.49263 3.663479 10.73472 12.01813 0.1244216 0.2259231 -1.619582 7.068519 
  48.11981 -4.170865 19.49936 15.28269 14.5132 10.62452 7.675648 16.35267 3.839401 8.915986 13.45091 7.380786 1.201471 
  47.09083 -4.170865 18.52769 18.86659 12.67856 17.43841 3.954781 13.37847 -0.3415391 14.08235 17.95728 -1.178622 -3.424451 
  47.37146 -3.752552 21.4427 21.55453 16.60993 19.70971 11.68274 10.07379 4.856387 -2.808107 2.322121 -5.53441 6.257261 
  46.24894 -6.262431 17.36169 18.41861 12.94065 20.46681 14.25872 21.30969 4.743388 3.698441 12.32432 2.790012 0.7553725 
  45.21996 -7.017054 14.83535 9.815527 9.859795 15.92421 7.389427 14.70034 3.161411 6.630969 4.523129 8.162723 9.894735 
  45.03288 -4.589179 19.6937 17.07464 15.03738 19.70971 9.392971 13.048 7.229353 16.25766 8.662892 1.61412 11.95017 
  46.71666 -5.425805 16.00135 15.28269 9.215864 19.70971 13.68628 22.30109 6.438365 8.644072 11.76102 -7.337624 10.15166 
  46.24894 -2.915926 20.8597 18.41861 22.11384 20.08826 11.96896 11.39566 3.274409 9.731728 0.9595923 -1.913555 7.325447 
  45.21996 -5.425805 18.91636 20.65855 21.85175 18.95261 10.53785 16.02221 9.715318 7.27246 -3.023183 -0.2967033 5.439413 
  44.56516 -5.844118 16.77869 15.28269 15.56156 21.22391 11.68274 14.70034 10.98947 6.905893 -1.031796 -9.140835 6.257261 
  45.12642 -2.497612 19.49936 20.21056 24.21057 23.87376 7.103207 10.07379 2.483421 2.323818 9.226189 3.818918 11.43631 
  45.68768 -2.915926 15.22402 13.49074 13.72693 16.30276 3.226526 14.70034 13.81828 13.81044 12.32432 8.94466 11.69324 
  44.84579 -5.007492 19.49936 17.07464 16.34784 24.63086 10.82407 25.2753 20.50457 10.00364 6.973002 2.790012 7.582376 
  45.21996 -5.007492 18.13902 12.14677 17.65829 20.46681 4.241001 16.02221 12.01813 0.4909878 -2.289514 8.423368 17.34567 
  44.84579 -8.110058 14.64102 17.07464 17.65829 14.78857 7.389427 13.048 6.212368 -4.598251 3.1606 -1.693075 -0.6572747 
  43.72327 -6.932976 16.97302 15.73068 15.03738 12.13872 -0.2690907 9.743321 5.30838 4.706497 11.47937 2.790012 8.610091 
  43.53618 -5.844118 19.49936 24.24245 21.32757 18.57406 6.816986 20.97922 6.664361 1.22412 -5.119381 -0.00273037 5.662462 
  44.00389 -3.752552 21.83137 17.07464 24.21057 24.25231 3.954781 10.07379 6.099369 5.43963 0.3307333 -10.94405 1.201471 
  42.60074 -6.680744 16.58435 17.52263 19.49293 14.78857 -8.862485 -2.246686 17.93292 8.372158 2.322121 -4.632805 2.688468 
  42.5072 -9.203063 13.86368 8.641217 11.6302 11.38162 2.061321 3.51902 -0.3415391 1.957252 3.684649 -5.53441 -0.6572747 
  41.47822 -11.97761 10.36567 11.25079 9.123875 16.30276 1.187416 11.72613 -7.423111 -8.319141 9.226189 -3.824379 5.662462 
  41.85239 -6.848899 18.13902 12.59476 11.10602 18.19551 6.530766 10.73472 5.986371 2.140535 0.9595923 -3.530406 3.803716 
  42.88137 -5.425805 20.08236 14.8347 14.5132 11.76017 6.530766 23.95343 10.28031 0.7659121 4.627938 -14.55047 -6.891932 
  42.5072 -6.764821 16.19569 7.988824 12.67856 15.54566 10.25163 22.96203 12.27529 19.24871 5.151987 -3.750886 -1.029024 
  42.22657 -3.334239 16.58435 17.52263 21.06548 18.19551 16.83471 9.412853 4.517392 4.24829 4.103889 -0.8846495 -1.698173 
  42.13303 -2.915926 20.08236 16.17867 18.70666 15.16712 12.25518 18.33548 13.56112 6.356045 -0.612556 1.8346 -0.3598752 
  42.13303 -7.857826 13.86368 12.59476 17.92038 26.14506 10.53785 11.72613 8.020342 14.08235 12.60597 -0.2232103 6.182912 
  40.26216 -11.80946 13.47501 11.12032 10.31974 13.27437 -1.579947 8.131585 11.76096 6.814252 10.63443 -1.031636 0.3092732 
  40.3557 -8.782677 18.52769 15.73068 13.46484 17.81696 10.25163 21.97063 11.24663 6.356045 7.254651 3.157479 1.350171 
  40.63633 -8.950831 16.97302 14.8347 16.60993 15.54566 -0.997345 7.875332 6.212368 12.17895 15.7041 1.320148 -0.7316246 
  40.82342 -9.034908 17.55602 18.41861 13.20275 14.41002 1.77002 6.978444 9.037328 -5.425117 2.95098 5.556267 0.5323229 
  39.42027 -9.623449 14.83535 17.07464 19.23084 18.57406 15.4036 21.97063 8.811331 3.331875 10.07113 6.598849 9.894735 
  41.47822 -9.455296 15.80702 18.86659 12.67856 10.62452 2.352623 7.362824 1.692432 2.690384 7.254651 9.465951 12.46402 
  41.01051 -9.034908 16.58435 9.815527 15.29947 18.19551 13.11384 9.412853 11.5038 5.347988 1.378832 -0.3701968 0.1605737 
  40.54279 -9.371218 19.30503 15.28269 21.06548 34.47315 21.98668 15.0308 12.27529 0.3077047 -7.951294 -7.788425 5.365063 
  40.91696 -6.262431 17.94469 16.17867 11.10602 26.52361 14.83116 17.67455 15.61844 15.17001 19.36553 6.338204 -1.772522 
  41.47822 -5.425805 17.36169 16.62665 17.13411 24.63086 16.83471 20.31829 14.33261 7.639026 14.57751 -2.721981 -5.96727 
  41.47822 -8.110058 18.33336 19.31458 22.37593 25.38796 12.82762 2.750259 2.483421 14.35426 6.095277 9.465951 7.068519 
  41.47822 -6.680744 19.11069 20.21056 23.94848 26.52361 12.5414 3.390894 2.709417 9.459814 17.67563 13.63628 17.85953 
  40.91696 -6.262431 16.97302 15.73068 15.03738 16.30276 13.40006 12.38706 9.828317 12.99469 10.35278 18.06726 15.54717 
  41.29113 -5.425805 18.52769 12.59476 15.29947 20.84536 5.672104 1.597118 6.890358 14.35426 13.16926 8.423368 1.275821 
  41.19759 -6.262431 14.44668 16.17867 10.31974 6.931681 18.26581 22.30109 16.38993 9.731728 8.381244 5.034976 8.867021 
  39.23318 -8.614522 17.94469 15.73068 17.65829 12.13872 1.77002 8.259712 10.39331 8.372158 14.29586 11.81176 12.72095 
  38.95255 -8.698599 12.11468 11.25079 14.25111 19.33116 13.40006 11.39566 16.64709 15.98575 13.16926 7.380786 7.582376 
  38.29774 -10.88461 9.782673 5.11829 8.847904 18.95261 18.55203 22.63156 13.81828 17.88914 10.63443 9.205306 7.325447 
  39.42027 -15.50886 19.11069 7.33643 19.49293 25.38796 13.11384 30.23232 12.78962 11.36321 23.3086 -3.456913 22.74118 
  42.32011 -5.844118 17.55602 3.422066 10.31974 19.33116 10.82407 24.94484 11.5038 4.24829 11.47937 -2.060541 15.03331 
  39.7009 -7.689672 12.11468 8.249781 8.663925 17.81696 11.11029 6.081556 13.81828 7.822309 1.693261 8.684014 9.123949 
  38.2042 -11.305 16.39002 4.204938 9.123875 19.33116 6.530766 10.07379 9.828317 18.70489 16.54904 9.987242 12.72095 
  37.83002 -13.65916 9.653458 8.249781 6.364176 7.327342 11.68274 12.71753 7.229353 14.89809 8.94454 2.496039 3.506317 
  35.85305 -15.08847 9.136595 0.5515318 2.500597 0.7329865 5.385883 9.743321 6.551363 3.606799 3.265409 -0.8846495 3.729366 
  37.16444 -13.23877 11.53168 8.249781 13.72693 13.27437 12.82762 3.006514 3.048413 11.63513 6.691354 7.120141 9.637807 
  37.45585 -14.16362 14.64102 9.163133 14.77529 17.43841 0.6048136 12.71753 14.33261 12.99469 12.04267 21.195 8.610091 
  37.31014 -15.76109 7.715221 2.247756 4.984326 6.667906 9.392971 11.39566 7.681347 14.08235 7.254651 4.627344 6.257261 
  36.5816 -17.10633 7.198359 8.38026 14.77529 4.162051 4.527222 11.72613 8.020342 12.45087 18.80223 15.4608 4.918964 
  35.70735 -18.06932 5.130907 4.596375 6.732136 4.293938 7.961868 16.35267 16.13276 11.36321 9.226189 7.120141 15.8041 
  35.92591 -17.44264 7.198359 4.726853 11.36811 12.13872 8.82053 9.156599 11.24663 11.90704 16.83069 15.98209 8.353163 
  35.19736 -19.74047 4.872476 6.814514 15.82366 12.89582 7.389427 6.337811 15.61844 24.68699 10.35278 7.902078 11.43631 
  35.99876 -15.08847 6.293848 1.595362 7.560045 6.536019 9.10675 11.72613 10.16731 8.915986 8.099596 10.24789 6.182912 
  36.29018 -15.50886 5.906201 1.986799 10.13576 6.536019 7.389427 9.028473 -2.714506 -0.333786 1.798071 -1.693075 -1.326423 
  34.8331 -19.00934 2.288161 0.1600957 2.408607 3.502616 10.82407 3.9034 1.80543 9.731728 8.94454 2.27556 6.108562 
  35.70735 -19.84492 1.254436 -6.209469 2.500597 -1.113433 0.8961153 5.440923 -2.714506 4.523214 -0.612556 1.099668 -1.549473 
  34.54168 -20.78494 0.09149408 -3.884747 2.132637 -6.25703 -12.3581 -8.5357 -3.053501 5.989479 10.91608 13.37564 -0.8059745 
  34.46882 -22.2472 -2.49282 -2.449481 -1.087011 -6.879356 -5.075565 -12.14845 2.370422 3.698441 13.45091 4.77433 1.79627 
  34.61453 -22.2472 -7.234717 -6.588955 -2.448799 -3.223627 -7.260327 -2.631066 4.291395 8.188875 3.894269 6.077558 3.060218 
  33.66742 -20.99384 -4.431056 -10.76332 3.052537 -3.355514 -9.445087 -18.85786 -8.477859 5.43963 14.01421 4.700837 9.380877 
  34.54168 -21.72496 -3.009683 -12.28127 -5.430285 -8.746334 -9.008136 -2.631066 -3.731491 1.865611 2.322121 7.380786 3.655016 
  35.63449 -21.72496 0.2207098 -5.829981 -8.908684 -8.746334 -9.736389 -2.502939 5.195382 -0.6087105 0.3307333 -2.501501 3.431967 
  37.73648 -23.08277 -1.846742 3.030629 -5.430285 -0.9815464 -9.736389 -2.759193 10.7323 2.232176 0.5403528 0.2177491 2.31672 
  33.66742 -20.36715 2.805024 -5.450493 -1.087011 1.260535 12.5414 6.850317 8.246339 14.89809 6.409706 11.81176 -3.424451 
  34.25026 -23.50056 -2.751252 -7.727419 -1.454971 1.788083 0.3135118 -6.47487 -7.950485 0.3077047 3.684649 -1.546089 8.610091 
  32.79317 -24.12724 -4.30184 -7.727419 -8.908684 -4.674385 -4.201661 -6.47487 -7.423111 -7.905708 7.817947 2.05508 3.655016 
  34.10455 -21.41162 -1.329879 -8.486393 -1.951885 -6.25703 -12.50375 -14.21289 -4.78624 13.26661 10.07113 10.76918 1.94497 
  33.30315 -21.93386 0.09149408 -0.7532558 -1.362981 -6.879356 -4.201661 -13.69678 -6.368362 -0.7919936 -12.20531 2.496039 -1.921222 
  33.44886 -23.50056 -1.200663 -10.38383 -9.902512 -4.146837 -4.784264 -9.051807 -0.9065311 2.41546 6.200087 3.965904 9.380877 
  34.25026 -21.20273 -0.2961531 -9.245369 -3.442627 -8.124008 -9.299437 -5.321729 14.58978 10.27556 7.536299 11.02983 2.16802 
  34.39597 -19.74047 2.417377 -2.449481 0.5688078 -15.59192 -1.579947 -6.731123 -3.731491 1.132478 4.523129 6.598849 8.096233 
  35.34307 -21.72496 -2.363605 -10.38383 -1.454971 -1.772869 -6.823375 -4.040461 -12.69685 -10.79973 -1.241415 -3.603899 2.391069 
  34.0317 -22.35164 -3.39733 -9.624857 -14.37474 -4.146837 -1.871249 5.056542 -5.313614 -3.083031 10.63443 3.083985 3.580667 
  33.44886 -23.70946 -2.751252 -4.276184 -0.8110416 -8.124008 -5.949471 7.875332 -1.69752 3.881724 7.254651 4.627344 4.770265 
  34.90595 -21.30717 -0.8130159 -0.6227775 3.696466 3.238841 -0.5603924 -4.552968 -13.7516 -2.166616 7.817947 13.89693 5.142014 
  34.61453 -20.78494 5.001692 -1.144692 0.384828 0.8648734 -3.327757 -1.734179 -12.69685 -5.425117 -9.369299 -6.436016 0.6810226 
  35.05166 -20.26271 -1.071447 -6.209469 -3.442627 -4.278724 -11.7755 -0.1966567 -1.923517 5.714554 -0.9269857 -13.64886 -16.83204 
  34.8331 -19.63602 0.4791412 -6.209469 -2.448799 -4.806273 -13.66896 1.468991 -2.488509 0.6742706 -5.85305 -1.840062 4.026766 
  35.19736 -19.63602 2.288161 -2.710438 3.512487 -11.85796 -17.07085 -3.912334 -0.6805344 -7.492277 -0.5077457 0.07076263 2.01932 
  34.32311 -22.45609 3.967966 -2.840917 8.663925 7.723003 -4.347312 -0.9654174 -5.313614 -11.6266 2.42693 3.304465 1.573221 
  33.74028 -19.63602 1.900515 -2.971396 -3.939543 -4.806273 -7.260327 -6.859251 -7.950485 -6.25198 -6.586719 1.393641 8.867021 
  35.99876 -18.27821 -0.8130159 -4.66762 -2.448799 7.591116 -7.260327 -4.168588 -6.895737 -9.146006 -3.232803 -8.239229 -2.590371 
  34.32311 -23.39611 -3.655762 -7.727419 3.880446 -0.4539976 -3.910359 -1.606051 -5.313614 -5.838549 -1.765465 4.112891 11.69324 
  35.85305 -19.21824 1.12522 -2.319002 -1.362981 -1.509095 -8.425533 -4.552968 -9.005234 -8.732574 -7.478626 -3.530406 0.8297224 
  35.99876 -19.74047 -1.071447 -6.588955 -3.939543 -7.501682 -3.764709 -9.567917 -2.488509 -6.665413 -7.951294 -7.337624 1.275821 
  35.48878 -20.36715 2.02973 -3.62379 -3.442627 -8.746334 -9.445087 -7.503487 -3.053501 -3.357956 3.57984 9.465951 2.24237 
  36.14447 -18.17377 3.709534 -6.588955 -5.430285 0.4692121 -5.949471 -9.567917 -14.27897 -7.078846 3.1606 1.761107 -7.585428 
  34.76024 -23.08277 -1.717526 -11.52229 -8.41177 -2.827966 -5.075565 8.131585 -0.2285409 -15.34749 3.57984 -3.16294 -5.736105 
  36.94587 -18.17377 -2.751252 -6.588955 -9.902512 -9.36866 -9.153787 -1.990432 1.014441 -3.771389 2.84617 -3.971366 -3.886782 
  38.2042 -16.68594 -1.071447 -6.968443 -0.9030315 -3.619288 -11.04725 -10.08402 -4.258865 5.989479 4.627938 -7.337624 4.695915 
  38.57837 -15.34071 2.805024 -6.209469 -2.945713 -0.849659 -6.969025 0.4439774 -6.895737 -13.28033 -15.98665 -8.690033 -5.042608 
  37.5494 -15.50886 2.805024 -3.493311 -1.270991 -5.070046 -15.48262 -5.706109 -6.368362 -4.18482 0.1211133 0.5117221 -7.585428 
  38.11066 -16.18148 -0.4253688 -3.62379 -4.933371 -14.34727 -16.27674 -8.5357 -11.11473 -12.45346 2.84617 -3.456913 2.01932 
  38.67192 -17.65153 -2.49282 -8.486393 -8.908684 -13.10262 -12.21245 -2.759193 -10.58736 -2.349899 -5.64343 -5.083609 8.096233 
  39.13963 -17.10633 -1.071447 3.161108 -1.951885 0.8648734 -1.142996 -3.143573 0.3364511 -5.425117 -5.53862 -1.472595 1.127122 
  39.13963 -18.17377 -1.58831 0.02961683 -2.945713 -0.717772 -4.784264 -0.1966567 4.404393 3.148592 5.571227 1.246655 -3.424451 
  39.32672 -17.10633 -1.975957 2.508714 -8.908684 -11.85796 -15.08557 -7.503487 -5.313614 -0.1505029 10.35278 -0.5171833 1.647571 
  41.10405 -14.66809 0.09149408 1.986799 -7.914856 -9.990986 -25.80606 -15.76121 -12.16948 -12.04003 -2.603944 -3.824379 -7.354263 
  42.22657 -14.2477 1.512867 9.815527 -4.436457 -0.3221107 -15.48262 -10.60013 3.048413 -6.25198 -8.423964 -6.436016 -0.06247592 
  40.07507 -18.38266 -0.03772163 4.074459 -1.454971 -11.23564 -14.39721 -15.2451 -15.33372 -18.65495 -3.442423 -10.94405 -4.811443 
  40.63633 -14.33178 -4.818703 4.596375 1.764678 -5.070046 -6.240771 -7.503487 -14.80635 -7.078846 4.523129 -2.354514 0.9040723 
  55.68509 -10.63238 -4.947919 -18.73256 -1.454971 -21.81518 3.954781 -15.2451 -1.69752 -2.258258 -7.478626 0.3647356 -7.123097 
  53.59986 -8.025981 -0.03772163 -16.07615 1.948657 -16.83657 6.816986 -9.051807 1.692432 3.515158 -1.451035 4.627344 1.498871 
  49.84646 -4.589179 3.83875 -16.83512 4.340396 1.392422 -8.862485 0.7002306 -1.471523 -9.559437 -7.478626 3.230972 -1.400773 
  45.03288 -9.539372 1.900515 -6.968443 1.948657 0.9967604 -2.162551 10.73472 -4.258865 -7.492277 1.169212 10.50853 -2.292971 
  44.00389 -16.01332 -7.712496 -8.486393 -6.921026 -9.990986 -3.910359 -0.06853008 -11.64211 -9.97287 6.200087 16.76403 6.81159 
  45.96831 -15.42478 -7.712496 -3.884747 0.292838 -1.24532 -2.745153 -14.21289 -7.423111 -0.05886126 -15.51398 -6.88682 3.878066 
  45.68768 -15.50886 -1.717526 -8.486393 -9.405598 1.128648 -3.036455 -4.168588 -4.258865 10.00364 1.693261 5.295621 2.688468 
  46.52957 -14.58401 -6.498507 -10.38383 -1.179001 0.9967604 -12.21245 -12.66456 -13.7516 -5.838549 11.19773 10.50853 -1.103374 
  46.71666 -14.2477 -7.712496 -8.486393 -4.933371 -0.3221107 -14.54286 -0.8372908 -5.840988 7.730667 8.099596 4.700837 -11.51524 
  47.18437 -15.25663 -7.234717 -6.209469 -8.41177 -3.883063 -8.134232 -1.734179 3.387408 10.54747 4.942368 4.259877 -4.117947 
  47.93272 -12.398 -3.39733 -0.4922986 -7.914856 1.260535 -14.10591 -8.5357 -5.313614 -0.05886126 1.588451 -0.2967033 -5.736105 
  47.27792 -13.07062 -8.429164 -6.209469 -1.087011 -2.696079 -30.17367 -25.56726 -19.55272 -4.598251 -4.490521 -11.39485 -15.67622 
  50.26351 -17.10633 -2.880467 -8.865881 9.491835 0.2054377 -16.27674 -20.40618 -5.840988 -4.18482 2.217311 4.039398 -15.21389 
  56.93622 -16.0974 5.130907 -11.90178 17.3962 0.7329865 -0.4147415 -18.34175 2.935414 13.81044 -8.423964 7.902078 -8.51009 
  50.68055 -13.491 -2.751252 0.02961683 4.064426 2.84318 -11.1929 5.953429 4.065398 5.622912 4.523129 5.556267 2.09367 
  50.26351 -16.8541 -12.25139 -9.245369 0.7527878 1.260535 -18.26201 -6.859251 -3.505494 8.915986 3.684649 6.598849 1.79627 
  51.93169 -19.32268 -14.87918 -10.00434 2.868557 10.49263 -15.87968 -6.987377 9.489322 20.33637 0.3307333 -0.9581428 -9.665916 
  52.34873 -19.53158 -13.20695 -8.106907 6.548156 6.140358 -22.62962 -12.14845 3.500406 14.89809 0.9595923 -3.015954 -12.90223 
  51.0976 -16.01332 -12.96806 -5.450493 2.500597 2.315632 -24.21784 -3.784207 10.98947 9.731728 -1.975084 -5.083609 -13.1334 
  51.93169 -18.06932 -12.49028 -6.209469 10.31974 0.2054377 -26.99722 -6.987377 2.935414 -5.425117 5.361608 2.05508 -1.772522 
  51.93169 -19.74047 -11.29584 -5.829981 -0.1671119 -6.879356 -33.35011 -5.834236 -1.358525 -1.616767 -12.67798 -3.089447 -6.429602 
  51.93169 -20.88939 -11.05695 -1.014214 5.996216 -1.113433 -14.68851 -4.937348 -0.9065311 4.706497 4.732748 -5.083609 -17.75671 
  50.68055 -16.8541 -11.29584 -5.829981 0.7527878 2.447518 -15.08557 9.284727 1.014441 4.156648 6.691354 2.863506 0.2349236 
  49.42942 -16.60187 -8.906942 -4.145705 0.384828 6.667906 -15.08557 1.468991 0.3364511 -0.9752765 -0.9269857 2.128573 2.01932 
  50.26351 -12.90246 -10.57917 -1.275171 0.2008481 -5.861369 -26.20311 -1.862305 10.16731 4.339931 1.588451 -4.338832 -3.655617 
  49.84646 -12.90246 -9.8625 -0.2313409 -2.448799 0.9967604 -14.39721 -2.374812 11.76096 -3.174673 -17.40466 -11.39485 -0.954674 
  49.14879 -12.73431 -8.668054 -5.059056 -6.921026 -1.24532 -21.0414 -1.606051 5.647376 9.731728 -1.031796 4.77433 8.867021 
  48.68107 -16.34963 -13.92362 -5.829981 -1.270991 -4.938159 -14.39721 -0.3247833 10.98947 3.423516 -5.53862 1.246655 -3.655617 
  49.05524 -13.65916 -10.10139 1.986799 4.708356 3.634502 -17.4679 -5.706109 -0.7935328 10.00364 8.662892 -1.105129 -5.273774 
  49.05524 -12.31392 -11.05695 0.5515318 4.800346 -0.9815464 -22.23256 -2.246686 8.472336 3.973365 -12.67798 -13.64886 0.9040723 
  48.11981 -15.84517 -12.25139 1.464883 3.788456 0.2054377 -18.26201 -0.9654174 8.92433 -2.441541 -9.369299 -2.501501 -1.549473 
  48.9617 -10.80053 -7.712496 -0.4922986 3.788456 2.579406 -19.85023 -5.834236 13.04679 7.455743 1.588451 0.7322016 -0.8059745 
  54.01691 -8.194136 -0.03772163 1.725841 6.272186 1.919971 -17.4679 -0.581037 10.7323 0.4909878 -10.31464 -0.737663 -12.90223 
  51.51464 -8.614522 -4.947919 4.726853 10.31974 11.00307 -13.08636 -9.051807 18.96158 5.347988 -7.951294 7.120141 -0.508575 
  49.84646 -12.65023 -12.49028 -2.710438 3.512487 5.612809 -4.492963 -6.602997 10.7323 11.63513 -5.85305 5.034976 8.867021 
  50.68055 -12.65023 -13.68473 -8.106907 -0.9950215 4.557713 -10.9016 -4.424841 9.150326 1.865611 -16.45932 -5.083609 1.79627 
  49.84646 -14.58401 -11.29584 -0.100862 -4.933371 -1.377207 -9.590738 -11.63235 3.726403 2.965309 -15.04132 -6.88682 -3.655617 
  49.24233 -15.84517 -12.72917 0.8124895 1.672688 -2.827966 -19.05612 -4.681095 12.27529 0.2160633 -10.31464 -8.690033 -10.59058 
  49.33587 -15.59294 -12.72917 -1.014214 -0.9950215 2.183744 -10.02769 -5.321729 10.16731 -3.357956 -14.56865 -0.9581428 -5.96727 
  49.14879 -13.07062 -17.98474 -8.486393 3.144527 7.986777 -6.677724 -7.503487 16.13276 5.897837 -14.56865 2.790012 6.554661 
  50.26351 -11.72538 -11.29584 -0.6227775 2.868557 4.162051 -19.45318 -13.69678 11.5038 7.730667 -13.62331 0.3647356 -7.123097 
  49.42942 -12.56615 -12.49028 -2.319002 1.672688 4.821486 -14.39721 -3.65608 9.60232 -1.80005 -14.09598 -1.472595 8.610091 
  49.42942 -13.74324 -12.49028 -3.62379 8.387955 3.370728 -11.04725 -5.065475 6.551363 4.706497 -17.87733 3.965904 7.839305 
  48.58752 -14.66809 -12.72917 1.725841 11.10602 2.975067 -10.61029 1.597118 17.16142 9.459814 -6.901149 13.11499 2.688468 
  49.84646 -14.2477 -11.77361 -5.450493 -2.448799 4.821486 -8.716834 -6.47487 19.47591 6.539328 -12.20531 10.50853 0.9040723 
  49.14879 -13.91139 -20.85141 -12.28127 -0.7190516 -3.09174 -22.62962 -11.11624 10.98947 4.156648 -16.93199 7.641432 7.582376 
  51.51464 -11.6413 -17.26807 -2.188523 7.560045 0.2054377 -19.85023 -12.14845 26.93369 11.0913 -9.369299 8.684014 2.465419 
  50.26351 -10.71645 -12.49028 3.943981 8.019995 4.425825 -17.4679 -6.218616 16.64709 8.097234 -12.20531 7.902078 -1.475123 
  48.40044 -15.34071 -17.26807 0.02961683 6.088206 0.7329865 -8.862485 -7.503487 9.489322 1.957252 -17.87733 9.465951 -6.198436 
  48.02626 -12.98654 -7.473607 -1.275171 -1.454971 -4.146837 -20.24729 -9.567917 6.325366 -2.258258 -20.24067 0.9526815 -3.886782 
  48.77461 -13.74324 -17.50696 -1.40565 3.052537 1.788083 -18.26201 -13.69678 21.79039 7.913951 -16.45932 -3.38342 -6.891932 
  48.40044 -10.88461 -19.89585 -1.536129 8.295965 2.315632 -17.86496 -10.08402 18.70441 9.459814 -15.04132 6.598849 9.637807 
  48.3069 -13.32285 -13.92362 3.291587 5.628256 -5.333821 -23.82078 -6.090489 15.8756 -3.357956 -23.54934 5.034976 9.123949 
  48.11981 -10.96869 -9.384722 3.813502 2.960547 2.315632 -8.279882 -6.731123 10.50631 -5.425117 -15.51398 -6.88682 -5.736105 
  48.68107 -13.07062 -12.96806 0.8124895 0.2008481 -2.16853 -12.6494 -6.47487 0.562448 -5.838549 -18.82266 1.026175 -1.177724 
  47.55855 -10.71645 -12.96806 3.813502 4.064426 -1.113433 -17.4679 -3.784207 15.8756 4.706497 -11.73264 8.162723 4.324165 
  47.465 -11.72538 -14.87918 -2.058044 -2.945713 2.975067 -10.46464 -4.296714 18.96158 9.459814 -0.612556 9.205306 -10.12825 
  46.99729 -7.689672 -8.429164 6.814514 9.583824 -0.717772 -11.33855 -6.987377 17.93292 7.27246 -9.841967 3.524945 -1.029024 
  44.6587 -10.21199 -6.627723 7.988824 6.916116 4.425825 -3.764709 -6.987377 19.99024 6.630969 -13.15064 -5.53441 -11.28407 
  45.59414 -10.96869 -12.96806 -1.666608 2.500597 -5.861369 -12.21245 -9.567917 4.291395 4.798139 -5.224191 0.07076263 4.101116 
  45.68768 -7.689672 -11.05695 1.334405 6.824125 -2.432304 -11.33855 -4.424841 13.56112 8.644072 -8.896631 2.128573 3.803716 
  45.21996 -9.455296 -13.20695 -1.797086 7.100096 -6.879356 -15.48262 -5.834236 23.59055 8.644072 -7.478626 6.338204 5.662462 
  44.84579 -7.941904 -9.384722 -1.797086 4.064426 -8.124008 -20.24729 -7.503487 17.41859 -0.5170689 -18.34999 -1.472595 -2.96212 
  41.94594 -14.16362 -13.68473 -1.275171 4.984326 -5.465708 -7.260327 -0.1966567 14.33261 3.240233 -11.25997 3.010492 4.101116 
  43.06846 -11.22092 -9.8625 -6.968443 4.064426 -6.25703 -7.988581 -3.784207 5.647376 -5.011684 -19.29533 4.406864 10.66552 
  41.29113 -9.371218 -1.975957 1.334405 9.123875 -10.61331 -14.25156 -9.567917 13.56112 -3.083031 -16.93199 6.598849 3.506317 
  41.66531 -12.56615 -4.818703 -1.275171 1.304728 -4.01495 -20.24729 -15.76121 5.534377 9.459814 -5.43381 5.295621 14.77638 
  41.19759 -12.81839 -3.655762 -1.927565 6.732136 4.030164 -7.988581 -3.015446 19.73307 5.714554 -11.73264 1.099668 3.506317 
  40.63633 -10.46422 1.254436 -3.101874 -0.2591017 -2.827966 -6.969025 -13.69678 5.873373 2.048893 -15.98665 -2.648487 1.647571 
  39.88798 -12.81839 1.900515 -4.015226 4.248406 0.601099 -14.10591 7.875332 16.64709 -8.732574 -17.87733 -0.1497173 12.46402 
  38.48483 -16.18148 -5.077135 -9.245369 2.868557 -6.25703 -12.21245 -1.990432 11.24663 4.981422 -6.16748 5.816913 12.20709 
  39.79444 -12.06169 -4.947919 -9.245369 -4.436457 -3.619288 -4.492963 4.928415 8.246339 8.372158 -2.394324 -5.985214 7.068519 
  38.95255 -13.07062 -6.11086 -7.727419 5.536266 2.183744 -14.39721 2.109626 15.8756 -12.45346 -15.51398 -8.690033 -3.655617 
  39.04609 -15.84517 -3.009683 -4.537141 -0.6270616 -7.501682 -13.52331 -5.706109 6.77736 -1.983333 -7.005959 14.93951 9.637807 
  37.45585 -16.34963 2.288161 -4.406662 -0.3510917 -2.827966 -13.52331 -10.08402 -3.731491 -9.559437 -0.1933165 -1.178622 -8.047759 
  37.01873 -14.75216 1.900515 -5.450493 -0.07512188 -5.993256 -5.512518 -3.527954 4.178397 7.27246 8.662892 1.246655 6.405961 
  36.80016 -15.0044 0.9960041 -2.058044 3.604477 2.447518 2.352623 -9.051807 -7.950485 -7.492277 -2.394324 0.8791885 -1.846872 
  36.29018 -18.59155 0.8667884 -8.486393 3.604477 1.392422 -0.5603924 -4.424841 -10.05998 -1.525126 -4.700141 -2.281021 5.736813 
  35.41593 -19.00934 1.383652 -6.209469 -0.9950215 -1.24532 -7.84293 -9.051807 -1.923517 1.315762 -0.2981262 -0.9581428 1.573221 
  36.65445 -18.17377 -1.459095 -5.189535 -0.6270616 -1.24532 -5.512518 -6.859251 4.178397 11.36321 9.507837 -1.913555 3.134568 
  35.27022 -17.96487 1.254436 -7.347931 -7.914856 -7.501682 -11.1929 -3.784207 7.003357 -0.2421443 -7.005959 -5.083609 -1.698173 
  34.90595 -17.65153 -0.5545845 -2.579959 2.500597 1.919971 3.954781 5.056542 7.003357 4.706497 1.902882 -3.824379 2.837168 
  35.05166 -20.15826 -1.071447 0.2905741 7.100096 7.591116 3.663479 8.003458 4.856387 4.24829 -1.975084 -4.632805 -9.665916 
  33.44886 -21.62052 0.4791412 0.1600957 0.476818 -8.124008 -7.405977 4.415908 -2.827504 -5.838549 -7.005959 0.7322016 3.506317 
  33.81313 -20.68049 1.642082 -3.493311 -4.436457 -7.501682 -6.823375 -8.5357 2.370422 -8.319141 -10.7873 -5.53441 3.134568 
  34.54168 -22.35164 0.608357 -3.62379 -3.939543 3.898277 -3.327757 1.340865 0.7884445 6.356045 7.254651 -10.94405 -7.123097 
  35.92591 -18.80045 4.097181 -1.014214 1.488708 1.260535 -6.09512 0.7002306 -5.840988 -1.066918 0.5403528 -0.1497173 -4.811443 
  35.48878 -19.42713 0.608357 -2.449481 3.512487 -2.564191 -2.453852 -1.349798 -3.053501 7.180819 -0.5077457 -9.140835 -11.05291 
  35.41593 -18.17377 0.9960041 -3.232353 3.788456 -4.146837 -6.677724 0.05959702 2.935414 0.7659121 -4.804951 -10.04244 -3.193285 
  34.46882 -22.0383 2.158945 -1.797086 -3.939543 -6.879356 -7.405977 -5.706109 0.562448 1.957252 -5.53862 -11.39485 1.72192 
  34.32311 -23.18722 -3.526546 1.334405 1.948657 -3.619288 0.6048136 -6.47487 -1.471523 0.857554 1.274022 4.55385 4.175466 
  36.65445 -16.01332 6.035418 1.725841 1.856668 -3.751175 -3.036455 -0.1966567 -3.618493 0.3077047 -5.64343 -3.897872 0.3836231 
  37.45585 -12.90246 12.30901 9.554569 13.98902 5.612809 2.935225 -8.5357 -5.840988 -5.011684 -1.765465 -10.94405 -9.434752 
  35.70735 -18.38266 3.192671 -0.8837347 2.592587 2.051857 0.4591627 -1.862305 -0.6805344 -0.2421443 -0.8221755 1.61412 -3.886782 
  33.74028 -20.26271 4.743259 -1.666608 5.352286 4.293938 1.041765 -1.349798 -9.005234 -5.425117 -2.289514 7.380786 4.175466 
  34.9788 -20.78494 2.417377 -3.754268 0.9367678 0.601099 1.333067 -0.581037 -2.488509 8.644072 6.691354 2.936999 11.43631 
  35.41593 -17.75598 2.93424 -5.829981 2.408607 0.7329865 0.8961153 -10.08402 -2.262512 3.423516 -1.346225 1.173162 -6.660767 
  35.85305 -14.75216 6.423064 -6.968443 -3.442627 0.9967604 -5.075565 -6.346743 13.56112 13.81044 15.42245 4.112891 -0.3598752 
  36.07162 -18.38266 -1.329879 -9.624857 -6.424112 -0.717772 -2.308202 -2.118559 11.24663 8.644072 3.1606 3.671931 9.637807 
  35.27022 -16.77002 2.805024 -7.347931 8.019995 8.646213 1.91567 3.262767 18.70441 4.156648 6.095277 5.034976 -0.6572747 
  36.29018 -17.19041 5.130907 -1.40565 6.640145 10.62452 2.935225 3.51902 19.21874 25.50274 4.837558 -6.436016 0.01187396 
  38.2042 -15.25663 0.608357 -4.406662 8.847904 15.16712 0.4591627 1.853372 8.92433 14.89809 4.627938 7.641432 11.17938 
  38.29774 -15.76109 2.675808 1.203926 8.571935 17.43841 6.244545 5.184669 11.24663 8.188875 0.01630354 -7.788425 -2.218621 
  38.01711 -17.65153 5.130907 -1.144692 13.46484 20.08826 6.816986 -0.3247833 4.969385 6.08112 1.378832 -0.2232103 6.554661 
  37.31014 -16.8541 6.293848 -2.319002 5.812236 18.95261 12.25518 3.51902 -1.471523 -7.078846 4.208698 -4.632805 4.472865 
  38.01711 -14.33178 8.3613 0.9429684 9.307855 11.38162 11.11029 10.07379 5.30838 -1.250201 -4.385712 -7.337624 -3.424451 
  39.13963 -9.539372 6.035418 -4.66762 2.776567 15.92421 0.3135118 9.743321 9.941315 1.590686 -0.2981262 -6.88682 -2.96212 
  39.79444 -8.950831 10.56001 2.117278 6.824125 16.30276 14.25872 -1.477925 -3.505494 -1.066918 3.1606 4.406864 -3.655617 
  39.51381 -10.46422 7.586006 -9.245369 3.604477 16.30276 3.517828 1.212738 6.77736 -1.708409 4.418319 -4.191845 -6.198436 
  40.3557 -11.6413 -1.459095 -9.624857 -2.448799 15.16712 12.5414 2.622133 -2.940502 -7.078846 -1.031796 -0.00273037 3.060218 
  46.52957 -13.99547 -22.04585 -13.79922 5.812236 14.41002 3.954781 11.06519 11.76096 -17.82808 7.817947 3.965904 9.894735 ]
AMI_ES2011a_H00_FEE041_0003714_0003915  [
  39.2859 -12.79395 5.17648 -6.800151 -2.035502 4.368521 7.838956 8.358126 2.638258 -5.496807 -14.68228 -4.934114 10.92546 
  39.4339 -11.40729 7.083285 -9.123651 -3.442972 4.494811 0.4022827 7.076621 0.3549132 -2.375932 -1.829611 1.431469 6.769516 
  40.0259 -7.247295 12.16685 -3.70215 -3.040838 4.87368 9.698125 18.88717 -0.1343749 -11.33921 -7.017784 -5.2782 2.722935 
  40.32191 -7.247295 8.79941 -9.123651 -6.257912 0.4535365 12.48688 14.41511 -1.276047 -12.50769 -11.35674 -5.622286 -3.184017 
  40.46991 -6.070532 11.46894 -7.574651 -12.74121 5.757709 13.41646 18.29089 -1.112951 -11.33921 -11.77244 -7.858843 9.613059 
  41.50592 -3.75771 17.05223 5.187515 2.991177 5.883998 20.38834 10.28038 -0.6236629 -3.159847 -3.103899 -6.310457 -7.560965 
  46.58314 9.695395 30.66149 10.01002 -4.649375 4.242231 13.88125 5.666966 -9.402699 -11.92345 -8.03121 -4.417987 0.8636953 
  51.47914 19.53344 33.45314 8.542301 -8.492397 -6.355793 -1.432365 9.383328 -7.615681 -11.92345 -2.739817 -10.43949 1.191796 
  54.91958 23.25003 29.26567 -0.9913998 -16.99002 1.842725 3.655827 3.360259 -14.76376 -6.081047 9.487129 -0.9771309 3.160403 
  59.15396 19.97069 21.23969 6.026212 -26.33741 8.157215 4.585412 -3.047261 -10.29621 -4.912567 12.00529 -0.9771309 3.816606 
  61.7669 18.65895 17.75014 6.655234 -26.76229 6.768027 -0.05637932 -5.964821 -8.062435 6.210125 15.9624 -15.60077 0.3168601 
  63.40228 19.75206 13.21371 4.348819 -20.81395 3.989651 -2.502577 -7.955431 -2.254623 7.408179 13.0845 -18.35345 -0.3393422 
  65.94621 15.81684 12.16685 6.235886 -24.63789 11.94591 -12.13448 -0.9968543 -2.254623 6.609477 16.32213 -21.69983 -4.497103 
  67.03647 16.47272 8.704069 6.235886 -29.31158 15.14944 -5.25455 -8.453085 4.106122 4.912233 15.24292 -22.03447 -7.998661 
  68.30843 14.72373 9.943493 4.66333 -31.43599 12.57736 -1.432365 -1.509456 -2.701378 4.812395 14.88319 -20.02664 -8.436356 
  68.12672 16.03547 9.180771 4.977841 -35.25992 14.598 1.796659 -3.944314 -2.254623 6.709314 14.52345 -24.04229 -3.621714 
  68.30843 16.69134 7.178626 5.816537 -33.98528 11.94591 5.979788 -9.946041 3.127546 3.115151 15.9624 -23.03838 -4.497103 
  68.67185 15.3796 9.562132 3.92947 -33.56039 11.94591 4.585412 -5.964821 -2.701378 4.413043 17.40134 -28.72721 3.379137 
  68.67185 15.3796 9.848152 2.8811 -34.83504 16.80375 -2.961239 -0.4842525 -2.701378 -1.177877 20.27924 -26.71939 3.379137 
  67.5816 15.81684 12.86476 -0.9913998 -30.16134 15.14944 -1.432365 -2.662809 -3.148132 -1.876742 21.71819 -26.71939 7.425718 
  66.12792 15.81684 15.6564 -0.9913998 -26.33741 11.81962 7.374165 -9.448389 -7.615681 6.409801 15.9624 -21.69983 0.3168601 
  65.21938 14.94235 16.00536 2.1066 -26.76229 11.06188 9.233333 -2.534659 -15.21051 9.504775 15.9624 -21.03055 0.09812593 
  63.7657 11.88163 17.75014 2.985937 -24.63789 23.14531 12.95167 -15.42022 -6.722172 1.218232 27.11425 -22.03447 -3.184017 
  60.4772 9.695395 16.70327 10.84872 -11.46657 20.93955 10.16292 -8.453085 -5.828661 9.404937 12.72476 -19.02273 -6.685575 
  57.43374 6.393009 17.40118 12.94546 0.578371 26.45394 13.88125 -1.765757 -9.402699 10.751 3.085501 -30.06576 -5.810186 
  56.6398 -4.14318 18.44805 11.16323 20.04067 31.96833 10.62771 -7.955431 -9.849455 20.60354 4.450809 -18.68809 -15.00178 
  61.40348 -6.456003 16.35431 7.913279 4.197579 22.04243 -6.936312 -8.950737 8.509715 27.44558 4.450809 -14.05238 -9.749439 
  59.55093 -10.02062 1.076849 11.16323 18.74707 5.757709 -29.48573 -6.960127 8.183523 16.22464 10.56634 2.11964 -5.810186 
  47.24476 -10.57529 -5.334827 4.66333 30.60502 13.20881 -17.33265 3.872861 11.60854 15.67727 8.048181 -11.47174 -2.308628 
  38.98989 -14.73528 9.371451 5.816537 14.04987 11.69333 7.838956 17.39648 21.39727 14.30886 -2.557775 4.373366 6.003946 
  40.46991 -22.77794 5.271821 9.485834 24.13705 10.05156 -4.948775 18.29089 7.857331 6.409801 -5.925537 5.078706 -5.372492 
  42.68993 -24.71926 1.553551 4.66333 21.33426 -1.440811 -16.10955 16.50207 2.638258 1.817259 -1.829611 10.01609 -5.372492 
  36.91787 -21.6686 2.411613 -1.7659 -0.8290987 8.283505 -4.337226 4.769914 -0.2974709 -2.575607 -7.199825 -12.15991 -2.308628 
  43.13393 -19.72727 -7.481593 -0.2168999 1.181573 -2.524837 -17.48554 2.335056 1.659682 -6.081047 -1.283487 8.252735 -7.560965 
  65.58279 -11.12996 -7.788274 -5.638401 9.626392 -13.05996 -21.74691 18.58903 0.02872109 4.812395 -8.03121 12.83745 -1.870934 
  69.39869 -5.171102 -7.481593 -8.736401 3.594378 -15.93317 -16.10955 19.18531 9.651387 15.40359 0.6279449 13.89546 5.785212 
  51.87611 -8.356627 1.934912 14.30834 12.0392 -9.229008 -11.52293 18.58903 9.1621 14.03518 1.993254 10.01609 14.79838 
  55.44888 -1.958848 3.269675 21.67658 27.37104 3.863361 -17.63843 -0.4842525 -17.89104 -3.159847 -16.76074 -6.654543 13.00344 
  62.49373 7.29244 20.19283 19.52604 -3.442972 1.211275 -22.48394 -2.91911 -3.594887 12.94046 -14.68228 -25.38084 9.394324 
  67.5816 6.90697 14.95849 11.26806 -3.845106 -2.524837 -24.69503 4.513613 -4.935152 11.02468 -2.375734 -19.692 10.59736 
  67.76331 9.476772 10.61087 8.122952 -4.448308 -2.524837 -20.64136 -10.94135 8.509715 7.907369 -0.2822609 -19.02273 6.660149 
  66.12792 11.88163 10.51553 4.453656 -3.442972 1.337565 -24.32651 -7.955431 0.02872109 10.00396 8.048181 -26.38475 9.503692 
  62.31202 14.28648 10.8969 7.598767 -6.458979 6.136578 -19.90433 -8.453085 -8.50919 10.751 5.889758 -21.36519 7.097617 
  59.94791 13.84924 12.16685 10.74388 -7.665382 11.94591 -20.27285 -7.955431 -5.381907 4.11353 6.609232 -17.3212 4.472808 
  59.02164 13.19337 11.46894 12.10676 -5.051509 11.56704 -17.9442 -10.44369 1.659682 -5.496807 9.487129 -16.28894 3.160403 
  59.15396 11.663 13.21371 9.905183 -2.437636 16.52803 -26.53761 -3.816163 -0.460567 -8.418009 12.36503 -15.77281 0.8636953 
  59.41861 11.663 12.86476 12.00192 -3.241905 13.84026 -27.27464 0.02834892 -4.935152 -1.177877 13.0845 -16.63303 -0.5580763 
  60.4772 11.663 14.26058 8.332626 -2.83977 11.06188 -26.53761 -0.8687038 1.496586 -1.97658 17.40134 -24.04229 5.019643 
  62.49373 10.78851 10.32485 11.3729 -5.051509 8.662374 -29.48573 5.666966 -2.254623 11.29837 9.846866 -24.71156 8.847489 
  63.40228 9.348282 8.608729 11.16323 -2.83977 5.883998 -29.85424 8.358126 4.106122 10.00396 13.80397 -26.38475 10.92546 
  63.94741 9.091303 6.225223 12.31643 -6.458979 6.010288 -25.06355 5.666966 7.694235 10.751 10.2066 -26.05011 14.79838 
  64.31083 10.35126 2.888314 14.2035 -8.917278 5.25255 -22.11542 1.566154 11.77164 15.95095 -1.192467 -20.69592 15.09753 
  65.40108 7.934891 4.699779 12.42127 -7.263247 0.4535365 -19.1673 8.614426 7.531139 15.95095 -1.192467 -22.3691 17.78994 
  65.40108 7.934891 6.511244 12.94546 -7.263247 1.716435 -24.69503 12.03001 6.226371 22.793 -5.652475 -24.71156 14.20006 
  65.40108 8.962811 5.08114 17.01709 -9.342159 4.242231 -24.69503 9.255178 5.573987 21.15091 1.265089 -28.72721 13.90091 
  64.49254 10.56989 5.462501 19.52604 -6.257912 2.726753 -24.69503 8.358126 8.672812 13.21414 8.767654 -31.06967 10.37863 
  61.58519 13.19337 9.657473 19.16762 -2.437636 -2.524837 -19.1673 5.538816 8.183523 12.94046 10.2066 -20.02664 0.4262271 
  59.41861 12.75612 11.18292 15.8809 7.213587 0.2009568 -20.27285 5.410666 8.020427 11.84573 6.249495 -15.08464 3.816606 
  54.65493 6.64999 19.49492 14.83252 15.25627 7.020607 -23.22097 13.5207 8.509715 10.1038 1.265089 -7.858843 -1.433239 
  52.67006 -5.813552 20.19283 22.035 19.39387 11.56704 -10.91138 8.614426 14.05498 4.912233 4.177748 -4.417987 -1.433239 
  53.99331 -10.57529 16.35431 18.8092 11.03386 9.798983 4.585412 23.06109 10.62996 2.316448 -9.693977 -3.041644 0.5355942 
  53.19936 -10.85262 11.27826 16.65867 11.83813 5.25255 4.120619 25.74433 7.694235 5.910611 -6.835743 -5.2782 5.238377 
  53.59633 -12.79395 10.42019 21.31816 14.65307 4.99997 -9.382509 23.65737 9.97758 4.512881 6.609232 -9.407228 0.09812593 
  55.0519 -13.07129 7.559986 17.73393 17.06588 5.757709 0.4022827 29.62012 13.0764 2.915475 -0.6463432 -5.794329 -5.810186 
  56.1105 -5.556572 10.51553 17.01709 17.66908 11.06188 -4.031451 4.257313 9.325195 4.61272 -6.198599 -9.751314 -2.746323 
  55.97817 2.795286 14.95849 22.39342 19.60947 4.6211 -15.65089 -14.92257 10.46687 14.30886 -5.015331 -8.547014 1.410531 
  55.18423 12.10025 16.00536 17.37551 16.66374 -4.440315 -22.11542 -3.431712 7.368043 6.210125 3.449583 -7.6868 0.3168601 
  55.84585 13.63061 14.26058 16.65867 17.88468 6.262868 -33.90791 -11.93665 7.041851 7.108666 2.812439 -2.697558 3.26977 
  55.84585 14.72373 14.26058 15.0422 19.39387 7.399476 -37.96157 -15.42022 14.38117 1.31807 6.249495 -2.525516 -5.810186 
  55.44888 14.06786 13.56267 13.57448 19.39387 6.136578 -30.59127 -15.91787 9.488292 4.812395 6.968969 -7.6868 0.6449612 
  54.39028 10.78851 18.09909 14.93736 18.96267 9.167534 -26.53761 -16.91318 -2.254623 11.84573 2.99448 -1.321217 0.2074931 
  51.47914 11.88163 20.19283 16.65867 22.62786 2.347884 -21.74691 -23.88031 6.063274 9.005586 4.450809 1.775555 -5.810186 
  48.96498 12.75612 16.70327 16.09057 24.35265 8.409795 -20.27285 -19.40144 1.985874 6.010449 8.407918 2.635769 -6.247881 
  51.08217 3.180757 19.84387 13.57448 14.25094 17.07947 -20.64136 6.435869 -0.460567 3.814016 2.084274 -7.6868 -0.9955444 
  48.70033 2.795286 23.33343 13.99383 9.023191 23.42102 -13.51047 -1.637606 2.475162 -1.577229 0.6279449 -2.525516 1.957366 
  48.83265 2.666796 21.9376 20.95973 9.626392 14.598 -11.21716 -3.559862 -0.460567 1.018556 -0.5553226 0.9153404 0.2074931 
  52.27309 7.677911 14.26058 15.35671 10.2296 5.505129 -11.52293 -0.09980154 -1.602239 6.90899 -2.284714 0.05512619 1.082429 
  59.28629 11.00713 8.894751 15.35671 6.610386 0.2009568 -26.16909 2.463207 0.3549132 9.904126 12.72476 -18.68809 5.894579 
  66.67305 12.10025 3.937057 18.8092 -10.19192 -1.567101 -26.16909 -0.227952 9.325195 14.58255 14.88319 -30.06576 6.550782 
  70.30724 10.56989 0.2187872 18.8092 -17.4149 -3.482578 -25.06355 8.998878 5.900179 9.005586 19.9195 -39.77024 11.36293 
  71.21578 11.00713 -3.494743 15.98573 -13.59097 -5.398052 -21.74691 5.923267 13.56569 7.108666 12.36503 -39.10097 10.15989 
  71.03407 10.78851 -4.414785 13.25997 -12.31633 -6.355793 -13.20469 4.257313 14.21808 12.39309 -0.1002197 -30.06576 2.504201 
  70.85236 10.13264 -5.334827 14.51801 -13.59097 0.0746671 -13.66336 6.307718 16.01213 5.710936 0.172842 -24.71156 -1.433239 
  71.21578 10.56989 -6.868231 14.72769 -16.56514 3.989651 -16.26244 7.589223 17.1538 10.1038 -5.015331 -28.05794 8.628756 
  72.85117 5.493579 -1.041296 9.590672 -8.492397 -5.398052 -14.58068 10.66483 9.814484 19.7825 -13.01951 -19.35737 0.5355942 
  70.85236 8.705832 -2.268019 11.3729 -6.660047 -10.18674 -9.994059 12.32815 9.814484 14.58255 -11.35674 -14.05238 -2.746323 
  71.21578 11.00713 -6.56155 20.24289 -12.74121 -8.271271 -15.03934 1.822454 25.83824 -3.744087 6.968969 -31.73895 15.39669 
  70.67065 10.56989 -2.268019 20.24289 -10.19192 -12.10222 -21.00988 6.179568 18.62167 0.02017736 6.968969 -26.38475 7.316351 
  71.76091 2.923777 9.848152 12.52611 -0.8290987 -16.89091 -26.16909 11.17743 6.063274 13.48782 -8.446901 -5.450243 -6.247881 
  68.49014 4.594148 10.70621 16.30024 3.393312 -21.67961 -29.11721 10.28038 1.822778 9.704451 1.083048 -9.923357 -4.059408 
  59.68326 10.56989 5.271821 23.82711 8.017857 -17.84865 -25.43206 -5.467169 5.900179 11.57205 -0.4643021 -7.170671 0.7543283 
  51.21449 9.695395 14.26058 21.67658 20.47187 -5.398052 -26.90612 -11.439 3.616834 12.39309 -4.196146 -6.138414 3.707238 
  57.03677 8.705832 11.46894 25.97765 12.24026 -20.72187 -32.80236 1.950605 -3.148132 4.912233 -1.556549 -2.353473 -5.810186 
  62.31202 12.97474 2.030252 32.42924 -1.030166 -36.04568 -24.32651 -9.946041 2.475162 -8.418009 -2.466755 -1.321217 -8.87405 
  67.03647 8.705832 3.937057 26.33607 -10.19192 -40.83437 -28.7487 -4.328765 -8.955944 -15.42889 -3.559002 -8.8911 -7.12327 
  66.12792 11.00713 0.6954885 20.95973 -14.44073 -50.41175 -24.69503 -11.439 -13.42349 -28.86641 -3.19492 -15.08464 -13.251 
  66.49134 9.476772 0.886169 20.60131 -19.53931 -43.70759 -30.22276 -11.93665 -17.44429 -32.37185 -3.19492 -21.36519 -11.06252 
  67.39989 6.90697 2.125592 20.24289 -18.26467 -42.74985 -30.59127 -6.960127 -16.10402 -34.12457 0.7189655 -20.69592 -15.87716 
  68.49014 3.694716 1.076849 20.60131 -16.56514 -51.3695 -22.85245 -5.467169 -17.89104 -28.86641 -3.28594 -23.03838 -21.5672 
  67.5816 3.823207 -1.654657 17.73393 -16.56514 -59.0314 -12.89892 -11.93665 -16.10402 -35.29305 -5.652475 -25.0462 -29.00801 
  66.67305 5.108109 -2.574699 17.01709 -17.4149 -62.86235 -13.66336 -17.41083 -17.89104 -35.87729 -10.94105 -25.38084 -27.69492 
  65.40108 6.007539 -1.041296 21.67658 -22.51348 -62.86235 -14.88645 -21.8897 -20.57157 -30.03489 -12.60382 -25.71548 -24.63106 
  61.40348 6.77848 13.21371 15.14704 -31.86087 -62.86235 -7.853636 -21.8897 -24.59236 -27.69793 -19.67058 -23.70765 -13.251 
  58.36002 -0.03149652 20.19283 16.65867 -33.13551 -59.0314 -3.419902 -31.3451 -25.03912 -30.61913 -22.16473 -22.70374 -17.19025 
  57.03677 -15.01262 13.91163 32.07082 -14.44073 -56.15819 0.4022827 -31.3451 -30.84693 -39.96697 -26.73734 -22.03447 -15.43947 
  57.03677 -24.44193 7.273966 37.08874 -18.26467 -54.24271 3.655827 -28.35918 -16.10402 -28.86641 -14.68228 -8.719057 -11.06252 
  54.65493 -20.55927 4.223078 30.63713 -14.44073 -43.70759 15.27563 -9.448389 -2.091527 -10.75497 -0.1912403 15.30614 8.191287 
  48.70033 -14.45795 8.51339 20.60131 -9.767042 -20.72187 25.03626 7.204772 -11.63647 -4.912567 4.810546 -8.8911 -5.372492 
  50.1559 -15.01262 4.795119 20.24289 -5.654711 -7.31353 29.68419 8.486276 4.921602 2.116773 12.72476 20.94886 -0.9955444 
  51.87611 -9.465959 8.418049 25.97765 4.800781 -5.398052 25.03626 12.92442 2.638258 1.218232 15.24292 10.01609 -4.934797 
  52.27309 -10.02062 10.70621 32.42924 10.8328 -2.524837 12.95167 6.435869 -1.112951 8.706072 19.20003 18.83283 -7.12327 
  53.99331 -4.657141 15.30745 38.88085 17.66908 0.7061162 14.34605 8.998878 4.432314 -9.586489 6.609232 16.36415 -0.8861774 
  54.39028 -2.472809 16.70327 32.78767 11.03386 5.757709 8.76854 8.101825 5.900179 -9.002249 -0.5553226 14.95347 6.660149 
  55.18423 -2.344319 12.16685 23.11027 9.224258 4.74739 -8.465185 11.73187 8.020427 -5.496807 -13.01951 5.078706 3.707238 
  56.1105 -2.215828 5.843862 22.39342 22.84346 12.70365 -11.37004 13.22256 9.325195 -7.249527 -12.60382 15.6588 5.675845 
  55.84585 -5.942042 -1.654657 16.09057 18.31588 9.798983 -1.279478 21.57041 15.35975 -0.479012 -3.28594 10.01609 -0.6674433 
  54.65493 -8.079294 -2.88138 12.63095 6.610386 8.283505 1.331867 26.04247 16.01213 -3.159847 -7.615517 8.958076 3.488504 
  53.99331 -5.942042 -1.041296 12.84062 12.0392 1.969014 -6.018987 15.60766 21.95239 -3.744087 -5.652475 7.900065 -4.059408 
  53.06704 -7.52463 -6.868231 15.67122 13.8488 12.82994 -1.891027 22.16668 22.50751 4.61272 8.048181 17.42216 5.347744 
  53.99331 -4.27167 -1.654657 15.35671 14.25094 14.47171 -2.502577 12.03001 26.1158 2.016935 -0.1002197 17.42216 8.738122 
  54.52261 -4.785631 -1.654657 13.88899 17.06588 14.34542 -5.25455 13.5207 28.05872 1.417907 -2.375734 13.89546 7.535085 
  53.99331 -4.14318 3.746377 14.41318 18.74707 13.3351 -8.923847 26.04247 27.5036 0.2198529 -3.832064 23.06487 11.58167 
  52.27309 -4.27167 4.89046 14.09867 20.25627 17.90663 -7.547861 30.21639 25.56068 2.416286 -8.446901 17.42216 9.394324 
  51.34682 -6.199022 4.413758 17.01709 9.626392 11.56704 -8.465185 23.06109 22.22996 5.012071 -10.52536 16.01147 15.69585 
  50.55287 -5.299592 -1.347977 9.590672 17.46801 10.05156 -3.267015 18.29089 18.13238 2.416286 -6.38064 16.71682 13.30259 
  50.81752 -3.50073 0.3141274 9.380998 14.85414 18.45807 -5.407437 11.73187 31.38945 -1.377553 -13.4352 18.83283 18.98657 
  48.83265 -7.247295 -3.188061 4.558493 14.25094 22.59387 -3.572789 10.66483 30.55677 14.85623 -0.919405 25.88623 16.89247 
  49.0973 -6.327513 -1.961338 6.235886 14.04987 14.47171 -14.12202 1.181703 31.94457 15.12991 -6.562681 16.71682 10.8161 
  49.6266 -3.62922 -0.7346153 6.969745 18.74707 12.45107 -9.229622 9.383328 34.44261 15.95095 -4.74227 14.60079 10.92546 
  49.36195 -3.115259 1.17219 9.590672 16.46268 16.80375 -6.018987 11.04928 28.05872 19.50882 -1.829611 8.958076 14.49922 
  48.17103 -4.01469 -2.88138 0.1703491 14.85414 19.56095 -11.52293 11.17743 23.89532 6.90899 -0.1912403 12.83745 17.49079 
  47.37708 -4.785631 2.030252 3.719796 7.213587 6.010288 -10.60561 16.50207 25.28312 4.413043 -9.278284 13.19011 25.56801 
  48.03871 -4.528651 0.6954885 5.7117 14.85414 13.58768 -5.560325 15.01138 25.28312 15.40359 0.6279449 6.489386 17.78994 
  47.11243 -4.14318 2.506953 1.719349 10.02853 13.58768 -6.477649 6.179568 21.67484 14.03518 0.9920273 10.01609 19.28572 
  46.58314 -5.556572 -1.961338 -0.9913998 7.615722 10.30414 -8.923847 9.639629 8.509715 -0.6786878 1.35611 10.01609 11.1442 
  46.31849 -1.573378 -0.7346153 7.074582 17.66908 13.96655 -8.923847 13.5207 29.16896 14.85623 0.172842 4.373366 12.56597 
  46.31849 -1.958848 7.750668 8.961649 18.31588 9.925273 -10.14695 16.20393 32.22213 15.95095 -9.278284 -4.245944 13.60175 
  46.71546 -2.087338 2.411613 6.655234 15.85947 11.44075 -8.465185 6.564019 25.83824 16.772 0.08182144 2.635769 19.28572 
  46.58314 -1.316398 0.886169 -0.6041508 9.827459 15.42515 -4.643001 11.43373 16.82761 8.007207 -0.2822609 2.463726 21.37982 
  45.65687 -1.316398 2.792974 1.719349 8.621058 5.378839 -11.21716 5.666966 14.05498 10.20364 3.631624 2.11964 12.34723 
  44.31794 -5.556572 -0.6392751 2.8811 14.04987 14.21913 -7.547861 0.1564994 26.39336 9.205261 1.265089 7.900065 18.68741 
  45.25989 -10.02062 5.939202 7.598767 1.985841 15.42515 -7.242086 15.30952 32.77725 13.21414 -0.5553226 -3.729815 12.01913 
  47.37708 -15.01262 9.08543 10.32453 -9.342159 28.10826 2.726243 18.58903 22.22996 5.012071 5.170284 13.54279 20.78151 
  44.02194 -6.969963 -1.961338 -4.089401 14.25094 17.35519 -0.9737034 11.17743 15.84904 5.611098 -4.924311 4.726036 18.68741 
  44.02194 -6.327513 1.17219 -1.378651 10.63173 12.0722 -9.229622 6.69217 23.06264 6.409801 4.359789 7.547396 20.48235 
  45.52454 -3.8862 -0.5439348 -2.92765 11.436 6.262868 -16.87399 -0.8687038 23.3402 4.11353 -1.465528 -3.901858 13.00344 
  44.02194 -4.785631 -0.6392751 0.1703491 13.04453 9.041244 -11.21716 5.410666 28.61384 12.94046 -1.73859 2.979855 9.722425 
  42.68993 -6.327513 -1.041296 -4.089401 5.60505 1.590145 -10.45272 0.5409508 15.84904 6.509639 -6.107578 -6.826586 13.00344 
  43.72594 -3.62922 6.701924 2.493849 15.45734 21.76671 3.191035 10.53668 24.17288 8.406558 -4.924311 2.807812 15.69585 
  42.98593 -5.685062 0.886169 2.985937 20.25627 20.66383 7.374165 15.01138 24.728 10.751 -0.1002197 12.1321 13.60175 
  44.46595 -3.50073 8.036688 6.550397 17.66908 16.80375 3.655827 13.5207 11.60854 -0.8783635 -4.83329 2.463726 20.1832 
  44.86292 -2.344319 4.89046 6.864908 16.06054 13.58768 -6.783423 5.026215 17.80619 1.817259 -3.103899 -5.106157 11.36293 
  43.72594 -3.24375 11.08758 12.63095 12.44133 16.80375 4.585412 14.71325 28.61384 0.1200151 -6.562681 3.668026 8.956857 
  43.72594 -4.528651 3.078995 1.719349 25.43064 20.11239 0.4022827 17.99276 27.5036 17.86673 1.083048 -4.590029 13.60175 
  44.16994 -3.24375 7.369307 4.977841 23.70585 23.42102 2.261451 16.80021 23.89532 9.604612 -0.4643021 5.784046 16.59332 
  44.46595 -2.601299 17.75014 19.16762 24.13705 24.5239 0.8670748 18.88717 25.83824 11.29837 -1.556549 -2.009386 6.769516 
  46.18616 0.3539739 12.86476 14.2035 21.98106 20.11239 4.120619 12.62628 21.39727 12.66677 -3.741043 2.979855 12.89407 
  44.73059 -1.958848 14.26058 15.8809 29.95823 16.52803 -4.337226 8.998878 12.42402 -1.677066 -5.470434 -0.1169167 -0.6674433 
  45.12757 -0.6739473 14.26058 19.16762 29.74263 20.93955 0.4022827 14.41511 18.62167 3.814016 -2.739817 9.310745 13.60175 
  44.73059 -2.858279 7.846007 11.16323 24.13705 25.35106 7.374165 17.09834 18.89923 -0.7785256 -0.4643021 5.784046 8.847489 
  44.59827 -1.444888 4.413758 7.703605 21.76546 19.00951 1.331867 11.04928 16.33833 4.313206 -10.94105 -1.493259 15.39669 
  45.52454 -0.2884769 8.322708 7.808442 21.11866 18.45807 -6.630536 10.66483 22.22996 14.58255 -0.8283844 -2.869601 2.613568 
  43.28194 -3.8862 9.848152 10.01002 26.50864 25.07534 5.514996 8.870727 23.06264 8.007207 -1.73859 5.784046 17.49079 
  44.16994 -3.50073 10.22951 13.78415 24.35265 15.97659 4.585412 14.41511 34.72017 18.68777 -3.19492 -6.654543 2.066733 
  43.42994 -6.199022 3.460356 9.27616 31.25182 25.9025 -4.643001 17.09834 26.94848 9.404937 -10.52536 -4.417987 7.863186 
  43.87394 -3.37224 11.46894 12.52611 29.74263 18.73379 -6.477649 15.30952 20.00947 2.615962 -2.648796 -5.794329 9.066223 
  44.31794 -2.344319 8.99009 19.16762 26.07744 19.56095 0.4022827 14.71325 28.89141 20.32986 -5.197372 -4.073901 13.90091 
  44.86292 -1.573378 8.608729 16.65867 24.56825 18.73379 7.374165 3.48841 29.16896 9.404937 -7.199825 1.259426 15.69585 
  45.65687 -2.601299 6.415904 17.01709 22.84346 19.00951 2.261451 16.50207 36.10798 11.57205 -14.26659 -5.450243 12.4566 
  44.02194 -3.24375 8.322708 17.01709 28.88023 20.11239 6.44458 6.179568 20.00947 9.504775 -7.017784 5.078706 29.7562 
  44.86292 -7.52463 0.886169 10.01002 22.41226 20.38811 10.16292 5.282516 18.89923 7.807531 -3.376961 8.252735 24.67054 
  45.65687 -6.199022 0.1234469 5.187515 23.70585 22.59387 -8.77096 0.02834892 14.87046 10.751 -10.52536 -10.78357 18.38825 
  44.46595 -6.456003 2.030252 1.3321 21.76546 18.73379 -7.242086 2.719507 9.325195 -3.159847 -13.01951 -6.998629 15.995 
  44.73059 -7.247295 -1.041296 -2.153151 18.74707 17.90663 -2.349689 5.538816 8.672812 -2.47577 -10.52536 2.463726 11.58167 
  44.73059 -5.428082 -3.801424 8.751975 29.31143 18.45807 -5.407437 13.22256 30.27921 3.514503 -21.74904 -5.450243 4.035339 
  44.86292 -6.712983 -6.254869 3.614959 28.66463 23.69674 -4.643001 3.872861 28.05872 8.606234 -5.561455 7.900065 25.56801 
  45.39222 -6.327513 -1.654657 4.243981 21.98106 18.18235 0.2493954 5.538816 14.70737 -0.6786878 -16.76074 0.05512619 24.07223 
  44.46595 -8.911293 -4.721466 9.800345 28.44903 14.34542 -3.267015 7.204772 30.55677 13.48782 -11.77244 -13.53626 14.79838 
  42.98593 -10.85262 -11.16176 -1.378651 18.74707 15.42515 -6.171874 -4.841366 20.28703 9.305099 -6.653702 -2.181429 31.8503 
  44.73059 -7.801962 -4.414785 -0.6041508 19.82507 26.17822 -0.9737034 0.2846498 19.45435 10.751 -13.4352 -2.009386 27.0638 
  44.59827 -8.356627 -5.948189 -1.378651 20.47187 15.42515 -0.2092667 -4.969517 7.204947 -1.177877 -7.615517 -0.6330452 18.98657 
  44.02194 -11.96195 -15.45529 -10.67265 12.24026 7.778346 -5.407437 1.438004 13.2395 -2.47577 -14.26659 0.7432976 26.46548 
  43.87394 -9.743292 -13.61521 -7.961901 14.04987 7.399476 -4.184339 0.5409508 11.44544 5.710936 -13.4352 -2.181429 20.48235 
  42.54193 -14.18062 -20.36219 -12.22165 17.88468 2.600463 -7.242086 -1.253155 17.48 3.714179 -15.51366 -9.751314 10.15989 
  42.83793 -15.01262 -15.14861 -11.44715 8.218924 12.70365 0.8670748 -2.022058 18.45857 -2.575607 -10.52536 -3.38573 9.722425 
  41.80192 -13.34862 -16.9887 -15.7069 5.60505 6.010288 -9.382509 0.1564994 16.99071 1.617583 -15.51366 -9.923357 10.488 
  42.54193 -10.85262 -13.00185 -10.67265 7.615722 1.969014 -1.126591 -6.960127 3.453738 -10.17073 -33.80411 -11.64378 13.60175 
  42.54193 -7.801962 -2.574699 -8.349151 7.213587 1.211275 -4.337226 -5.964821 -8.062435 -17.76585 -23.41181 -15.25668 -0.3393422 
  44.02194 -4.785631 5.653182 -3.70215 0.3773041 -9.229008 -9.994059 -18.40613 -23.2521 -26.52945 -29.2315 -28.72721 -0.9955444 
  42.98593 -1.701868 5.367161 -9.123651 -8.067516 -17.84865 -5.407437 -15.91787 -11.18972 -22.43977 -33.80411 -11.81583 4.144707 
  41.35792 -4.914121 4.89046 -14.54515 -12.31633 -13.05996 -15.95667 -18.90379 -17.44429 -14.26041 -9.693977 3.151897 10.37863 
  40.76591 -7.801962 0.5048079 -17.2559 -11.89145 -9.229008 -16.56822 -18.40613 -13.87025 -5.496807 2.448357 6.489386 18.98657 
  40.91391 -8.911293 -4.414785 -18.8049 -15.71538 -17.84865 -22.11542 -25.87092 -8.955944 -3.159847 -9.693977 4.020696 29.45705 
  41.94992 -6.969963 -4.108105 -21.9029 -11.04169 -24.55282 -37.22454 -21.8897 -14.317 -3.744087 -11.77244 -4.245944 23.77307 
  43.28194 -7.52463 -11.46844 -9.123651 -10.19192 -29.34151 -42.75227 -36.81927 -20.57157 -14.26041 -8.862593 -9.923357 12.34723 
  42.83793 -5.042611 -3.801424 -9.5109 -6.056845 -14.97544 -28.7487 -25.37327 -22.35859 -9.586489 -5.652475 -9.235186 15.69585 
  37.95388 -11.68462 6.892605 -4.089401 -5.051509 -4.440315 -5.407437 -4.969517 -4.935152 -8.418009 1.174068 2.807812 10.26926 
  34.99385 -19.44994 2.506953 -4.863901 -0.2258973 3.484492 0.8670748 2.975808 2.638258 0.3196909 5.170284 -2.697558 -12.37561 
  35.58586 -21.39127 -1.041296 -11.0599 -6.861114 -6.355793 -6.936312 2.335056 -3.148132 -4.328327 3.540604 4.726036 2.1761 ]
