<blank> 0
<unk> 0
8 12562598
22 10655961
46 10280356
60 8585294
95 7440310
54 6073009
5 5432373
18 5391335
53 4931501
39 4904359
19 4887889
24 4850136
58 4558843
17 4540192
3 4457349
1 4424679
7 4411414
85 4339195
83 4320409
43 4256449
86 4075449
44 3827460
33 3824801
25 3732069
69 3687288
66 3654266
47 3648808
23 3628558
87 3609269
68 3527734
35 3521506
26 3515254
91 3475170
89 3447585
59 3439566
76 3438054
34 3382451
72 3357522
20 3292030
99 3259492
96 3249477
6 3224804
2 3221013
57 3218156
21 3182982
30 3169565
61 3133960
41 3122322
79 3116561
28 3085945
62 3042605
93 3018041
88 3014680
71 2966236
38 2863189
84 2855247
10 2848437
74 2842229
42 2775054
45 2770761
80 2742319
94 2734917
55 2689830
9 2681525
50 2666049
97 2630572
77 2580956
70 2571171
11 2568498
65 2557109
32 2553012
92 2544188
14 2541437
73 2526681
63 2517933
67 2434170
82 2415036
98 2405827
27 2403932
4 2355299
37 2353428
15 2335904
48 2277787
51 2259082
56 2167120
90 2163537
31 2135647
16 2125106
36 2111537
12 2102508
29 2101142
0 2083997
78 2074355
13 2074091
49 1965977
40 1885447
81 1810610
75 1739476
64 1651031
52 1295641
<sos/eos> 0
