<blank> 0
<unk> 0
<pad> 0
349 3975940
480 2735531
20 2318015
425 2301612
262 2197124
225 2127548
190 2113453
397 2074652
213 2013443
63 1904432
171 1750335
423 1670481
351 1668502
333 1633629
17 1606478
345 1538384
312 1527414
104 1476950
187 1457992
265 1433257
476 1422117
37 1393252
370 1369925
47 1332056
415 1315180
58 1300136
499 1298624
270 1295190
475 1290664
285 1290295
135 1287383
444 1251249
64 1250298
9 1233759
82 1230363
151 1202379
290 1189898
264 1176208
149 1140607
62 1140152
257 1122012
338 1098113
182 1083591
459 1071888
76 1070750
218 1053116
25 1050565
157 1046319
227 1042230
153 1040742
278 1036943
4 1025716
175 1018501
138 1010807
43 1008363
186 1007806
204 990497
81 985387
109 977397
80 964194
26 963972
148 952105
107 947609
127 944322
51 940870
455 939694
429 939151
439 930278
495 916809
468 915296
183 907900
374 906067
291 900875
447 897570
243 882552
421 882537
485 877947
5 877116
304 875333
254 863953
65 861867
282 859963
426 859827
202 859662
281 851734
446 851493
126 849400
23 849124
472 848144
93 847537
71 846681
293 835308
167 832166
141 831816
356 828514
353 824904
2 814586
96 813909
236 812127
41 812108
52 811273
193 809120
208 805688
486 804595
250 804151
411 801425
481 794127
217 792910
390 789310
407 789284
235 788579
289 783648
267 781317
325 775581
200 775428
357 772034
456 771957
346 771715
434 769355
48 768013
195 767909
489 764516
403 763088
458 762088
31 758950
137 756576
13 755875
488 753049
460 752964
57 752004
241 748938
97 748738
15 747440
158 744257
53 736037
145 733126
143 732860
124 730571
67 730564
8 730471
375 726439
238 725053
132 721878
22 720391
106 718204
150 718057
162 717921
391 716336
496 713539
40 711653
216 709324
328 708916
373 707330
70 706345
29 704270
199 704201
212 702808
401 702440
364 701967
303 701756
50 701735
474 698917
223 698787
133 698384
342 698142
427 696736
28 694551
136 690326
38 689469
259 689292
463 688333
72 684835
461 684805
203 684712
222 679196
393 678766
452 678527
308 677843
39 677238
286 676859
116 676852
314 676836
79 676694
318 676087
322 675970
438 675286
35 674120
300 672619
319 672439
249 671219
160 670517
327 667719
307 666629
408 663649
210 661751
471 661659
21 658843
115 656841
118 656102
294 654682
11 654647
469 654577
139 654206
261 652605
341 652579
192 652137
435 650781
483 649512
492 648494
440 648367
352 644832
273 644589
326 643953
7 643474
482 643254
146 642974
292 641745
255 641673
231 639558
61 638166
179 637625
120 637566
420 636907
234 636206
491 634708
173 633478
464 632464
450 632416
398 632115
422 630368
226 630186
330 629795
45 628573
484 628046
386 627617
77 626039
19 622299
220 620398
59 620114
46 619935
382 614385
462 613673
362 613037
100 609706
34 608939
214 608248
85 608148
298 607959
361 607945
30 607838
371 606716
251 605051
122 602456
209 600414
315 600225
256 599946
123 598945
33 598899
165 597106
211 595498
166 594952
368 594417
396 591456
302 591334
230 590840
466 590552
215 590231
90 590048
334 589292
170 589006
196 588983
365 587964
18 586745
394 586711
89 586429
201 585551
168 584739
276 583938
84 583714
377 582931
112 582675
309 582296
99 581847
180 581401
60 581016
258 580664
178 580436
129 579984
247 579501
385 579212
445 578861
3 578068
142 577625
101 577328
130 574712
91 573896
311 573289
198 573163
324 571313
92 571276
49 570675
88 570314
295 570284
494 569172
473 569102
74 567575
66 567268
159 564418
448 564054
487 563870
418 562644
12 562173
306 561985
284 561660
248 561251
409 560437
367 558864
389 558625
477 558526
103 558454
266 558036
268 557058
86 557004
383 556797
95 554008
155 553700
442 549417
121 546304
465 545583
102 544868
228 544617
205 544597
360 543964
184 543348
332 539702
274 539299
83 539293
245 538770
152 537778
416 536747
366 535798
320 535389
94 534482
379 531898
280 531878
402 530637
359 529985
399 529858
10 529729
156 529354
233 528141
32 527468
339 526811
75 526603
275 522981
405 522886
283 521535
69 520245
56 519648
78 518769
114 518123
42 516009
14 513911
344 513518
108 510302
299 509491
433 509337
431 509163
144 509116
350 508830
246 508047
406 504103
424 504056
271 502499
428 502282
73 501324
316 500957
252 499394
237 498281
240 494111
194 494038
16 492655
288 491704
432 490433
358 486549
54 486008
392 484249
493 483417
331 482716
412 480948
363 480696
169 478382
164 476501
354 476280
478 475399
219 474135
191 472828
221 471529
0 470453
1 470249
410 468971
441 467471
206 467348
27 463927
229 463097
336 462983
24 462682
224 461450
128 461399
154 460962
131 460869
355 459555
498 459519
301 459068
387 456849
437 456554
347 455970
176 452494
430 451498
449 450589
260 447285
417 446475
297 446284
310 445114
188 443727
388 443574
232 441937
305 441403
147 439671
119 439281
44 435566
111 434182
110 432938
185 432571
253 432540
55 432468
453 431418
436 430422
335 429903
413 429510
395 425573
470 425000
378 424829
343 424389
287 424306
380 422409
451 421112
372 420105
376 419445
134 418713
177 416760
457 416421
323 416073
272 415090
467 411784
6 409025
263 404310
113 404079
68 403816
454 403549
125 401358
497 392187
163 386676
197 386416
384 385967
244 384077
105 383776
36 383334
242 381562
172 374930
98 373813
490 372247
279 368420
414 361987
189 356753
400 356085
381 354977
161 354326
340 352316
174 348269
207 347048
140 346519
313 346154
181 326382
337 325498
269 316057
419 316017
117 308907
329 308473
321 294379
369 289241
87 259481
277 258516
348 257618
479 238953
404 217563
317 212325
296 184485
443 173145
239 125960
<sos/eos> 0
