100018
100024
100024
100032
100038
100210
100210
100648
100786
101296
101296
101336
101381
101381
101404
101676
102414
102414
102414
102414
102414
102414
102414
102435
102567
102567
102567
102567
102568
102581
102581
102583
102583
102583
102844
102844
102844
102852
102871
102908
103050
103051
103051
103051
103298
103401
103401
103401
103401
103415
103416
103418
103420
103421
103422
103423
103424
103426
103427
103428
103597
103598
103599
103599
103995
103999
104089
104089
104105
104105
104168
104475
104476
104632
104761
104761
104877
104952
104952
104958
105224
105235
105236
105270
106014
106015
106015
106019
106072
106073
106486
106487
106849
106881
107117
107120
107122
107123
107219
107228
107228
107351
107351
108017
108160
108352
108451
108451
108677
108760
108760
108761
108763
108766
108767
108767
108767
108791
109231
109231
109231
109316
109371
109371
109371
109371
109374
109505
109759
109759
110010
110011
110389
110417
110417
110536
110537
110613
110614
110614
110913
110913
110913
110913
111102
111102
111671
111671
112213
112213
112356
112397
112522
112557
112557
114254
114280
114587
114609
114609
115382
115387
115387
115387
115521
115545
115545
115545
115546
115920
115920
115921
116135
116400
116765
11687
117116
117118
117120
117122
117250
117271
117293
117330
117504
117504
117615
117615
117615
117615
117615
117616
117617
117625
117627
117630
117773
117793
117795
117795
117883
118059
118069
118069
118072
118104
118194
118206
118459
118459
118487
118559
118624
118625
118656
118657
118657
118658
118658
118817
118964
118972
118972
119102
119120
119120
119120
119120
119120
119125
119139
119161
119161
119161
119455
119459
119647
119647
119647
119647
119648
119648
119648
119648
119720
119748
120160
120218
120218
120333
120526
120526
120586
120587
120644
121348
121532
121909
121951
121978
122066
122066
122067
122067
122104
122104
122110
122616
122763
122763
122820
122820
123086
123224
123680
123712
123896
124376
124376
124564
124600
124662
124795
124925
124958
125070
125071
125072
125072
125418
125520
125548
125821
125825
125825
125875
125929
125966
126046
126113
126358
126358
126391
126391
126433
12653
126532
12654
12654
126756
127108
127109
127874
127890
127890
127890
127990
128160
128465
128465
128512
128512
128631
128659
129264
129338
129678
130245
130330
130584
130891
130978
130979
130998
130998
131943
131943
132157
132157
132340
132383
132383
132601
132747
132803
132810
132816
132830
132839
132852
133047
133047
133047
133674
133863
133889
133895
133977
133989
133989
134049
134049
134699
134699
134699
134700
134802
134915
135439
135469
135649
135649
135649
135650
135650
13571
13572
135728
135860
13613
136288
136381
136451
136608
137
137152
137162
137296
138114
138212
138257
138344
138465
139109
139331
139748
139748
139749
139958
140034
140147
140199
140199
140199
140199
140323
140774
140841
141240
141240
141365
141559
141563
141584
141681
141681
141682
141682
141683
141684
142005
142006
142349
142593
142601
142604
142605
14262
143118
143118
143119
143560
143562
143929
143933
144028
144031
144083
144083
144083
144085
144106
144120
144128
144128
144137
144253
144259
144468
144468
144510
144692
144827
144827
144891
144891
145006
145081
145382
145387
145487
145577
145719
145774
146033
146186
146200
146697
146873
146877
146877
146964
146965
146972
147240
147240
147297
147342
147343
147657
147658
147965
148297
148330
148932
149042
149189
149294
149294
149448
149465
149940
149940
150231
150363
150364
150364
150409
150979
150979
150979
151079
151080
151081
151081
151085
151089
151206
151212
151213
151242
151255
151269
151273
151557
151557
152007
152007
152007
152007
152007
152020
152020
152020
152039
152039
152594
152895
152912
152958
152964
152995
152997
153057
153388
153444
154378
154405
154405
154439
154443
154688
154758
154781
154793
154926
154926
154957
155130
155234
155312
155556
155568
155570
155577
155578
155579
155583
155584
155642
155642
155650
155650
155659
155670
155766
155801
155858
155858
155858
155858
155858
155858
156026
156026
156026
156026
156227
156391
156393
156558
156581
156581
156698
156827
156843
156844
15689
15689
156907
156993
156999
156999
156999
156999
156999
157149
157187
157204
157204
157296
157297
157487
157488
157492
157611
157611
157615
157695
158056
158056
158476
158653
158746
158746
158746
158746
159346
159346
159347
159347
159348
159426
159445
159445
159609
159609
160036
160036
160119
160128
160551
160563
160563
160614
160614
160614
160614
160614
160614
160614
160614
160888
160993
160999
161010
161099
161099
161100
161103
161105
161105
161127
161270
161270
161303
161303
161500
161519
161579
161579
162786
163264
163288
163459
163606
163607
163607
163608
163609
163609
163697
163727
164021
164064
164064
164064
164120
164206
164216
164216
164216
164243
164592
164593
164594
164595
164630
164661
164661
164688
164859
165606
16568
165791
165791
165801
165813
165813
165823
165823
165845
165845
165856
165933
166125
166125
166324
166326
166422
166546
166546
166644
166644
166644
166661
167063
167063
167063
167077
167077
167077
167096
167155
16746
167571
167642
168155
168446
168868
169127
169127
169508
169726
169907
169983
170002
170015
170078
170247
170247
170312
170338
170338
170377
170383
170574
170851
17092
17092
171012
171041
171118
171207
17124
171281
171396
17150
171519
171652
171653
171706
171823
171937
172143
172179
172180
172299
172366
172377
172500
172500
172500
172500
172639
172649
172649
172649
172649
172649
172649
172732
172733
172734
172736
172736
172742
172881
172922
17295
173559
173568
173607
173618
17367
173865
173865
174797
174840
174860
174860
174866
175000
175000
175000
175025
17565
175845
175846
17585
175855
175856
175945
176631
176638
176914
177034
177082
177083
177243
177250
17742
177614
177779
177835
177957
177957
177957
177957
177957
17808
17808
178096
178402
178881
178997
1791
179294
179496
179496
17970
179836
179860
179863
179865
179866
179868
179984
180147
180156
180156
180156
180229
180256
180337
180380
180453
18074
18074
180977
181035
181071
181071
181132
181278
181286
181362
181458
181563
181599
181628
181707
181708
181766
181865
181955
181955
181955
181977
181999
182007
182010
182012
182023
182025
182034
182039
182041
182314
182314
182368
182369
182395
182404
182508
182508
182613
182613
182710
182710
182795
182839
183487
183882
183882
183992
184077
184235
184237
184323
184434
184575
184871
18527
18527
185313
185415
185456
185516
185575
185575
185575
185579
185579
185613
185619
185908
18631
186518
18655
186693
186924
186935
186936
186938
186940
186962
187201
187201
187207
187284
187384
187444
187504
187504
187549
187549
18755
18755
18757
18766
18766
187710
187769
187769
187979
188003
188033
18810
188191
188191
188191
188287
188293
188293
188365
188390
188495
188595
188606
188655
188703
188703
188703
188703
188716
188726
188796
188822
188822
188822
188822
188878
188945
189212
189237
189332
189795
189828
189830
189832
189832
189833
189836
189838
19026
191015
19111
191131
19118
191246
191246
191297
191327
191497
191687
192068
192191
192236
193339
193473
193473
193480
193480
193767
194246
194533
194680
194711
194754
194808
194892
194899
194899
194899
194899
194930
194930
194932
194979
194981
19501
195305
195451
195497
195497
195517
195518
195557
195707
195710
195805
196660
196660
196671
196671
196672
196688
197103
197118
197121
197121
197408
197408
197408
197435
197435
197446
197454
197454
197871
197913
197988
198025
198278
198278
198278
198321
198360
198360
198360
198373
19840
198411
198411
198411
198411
198411
198411
198411
198600
19872
19872
198841
198891
198891
198891
198891
198962
198962
198965
19898
19898
19898
199261
199284
199284
200329
200329
200329
200330
200330
200334
200334
200339
200461
200461
201170
201172
201194
201274
201300
20133
201664
201800
201988
202020
202111
202220
202298
202540
202749
202795
202898
203128
203128
203371
203373
203374
203375
203377
203739
204114
204115
204119
204121
204123
204202
204352
204352
204604
204612
204618
204683
204684
204741
204777
204777
204777
204830
205090
20545
205526
205526
205589
205589
205738
205898
205966
207116
207124
20736
207681
207781
207811
207811
207836
207836
207836
207836
208021
208030
20861
208624
208757
208757
208757
208757
208757
208761
208810
208810
208820
209471
209472
209473
209474
209475
209476
209477
209478
209536
209698
209698
209719
209833
209989
209992
209992
210000
210000
210309
210540
210571
210593
210612
211197
211408
211502
211527
211527
211527
21189
212050
212054
212059
212181
212454
212604
212604
212604
212698
212728
212730
212734
212736
213077
213193
213293
213802
213836
213836
213836
213836
213855
213915
213915
213915
21421
214362
214759
214759
214869
215005
215172
215179
215445
215447
215449
215634
215635
215658
215658
216131
216211
216213
216214
216216
216280
216281
216284
216349
216368
216370
216370
217158
217186
217186
217186
218196
218196
218199
218199
218199
218199
218199
218199
218199
218199
218304
218304
218494
21896
218980
218981
219044
219242
219242
219318
21934
219342
21935
219379
219379
219379
220026
220027
220939
220955
221518
221528
221529
221567
221568
221593
221878
221950
222041
222524
222894
223099
223099
223103
223125
223127
223162
223176
223317
223810
22694
22694
22804
22882
23094
23094
231551
231762
23222
23222
232272
232495
232802
232816
233019
233151
233160
233260
233312
233605
233607
233645
233787
234145
234247
234263
234335
234644
234855
234879
234879
234879
234923
235507
235593
235644
235671
235874
235893
235956
236288
236299
23706
237315
237499
237795
238021
238492
238926
238938
23996
23996
240671
24074
24076
241846
242490
242491
242492
242711
242932
242932
243025
243036
243448
243449
243450
243459
243459
243635
243726
243773
243773
243783
244178
244310
244315
244315
244315
244318
244327
244459
244526
244651
244933
245040
24524
24524
24524
246513
246513
24796
248341
248341
248341
249748
249913
249937
250026
250026
250258
250629
250710
250753
250864
250869
250869
250869
251426
251426
251489
251617
251645
251645
251957
251959
251962
251963
251971
252248
25292
25293
253081
253084
253084
253084
253084
253084
253085
253085
253094
253094
253094
253094
253101
253101
253101
253534
253649
254160
254507
254832
254832
255371
256452
256512
257349
257642
25777
25781
257839
257858
259169
259180
259514
259622
259640
260011
260164
260432
260433
260434
260640
260640
260640
260875
261068
261325
26143
261433
261439
261464
26176
26177
26188
26222
262579
262641
262957
263490
263491
263501
263775
263775
263831
263831
263902
264453
26806
27165
27166
27403
27405
27724
28005
28135
28135
28314
28314
28808
29532
29561
29680
30039
30043
30214
30226
30322
30322
30344
30709
30709
30709
30830
31251
31251
31482
31482
31748
31836
31836
32318
32373
32373
32515
32515
32515
32515
32579
32834
33658
34094
34094
34119
34119
34495
34497
34853
35687
36164
36164
36393
36397
36400
36402
36929
37226
37806
37806
37806
37806
37870
38559
38560
39441
39443
39443
39835
39835
39901
39901
39923
39937
39945
39945
39945
40154
40621
40730
40967
41615
42101
4211
42139
43382
43760
43764
43802
43806
43807
43807
43807
43807
44831
45641
45645
46040
46272
46274
46353
46744
46938
46938
47250
47250
47273
47274
47709
47714
47819
47819
47819
47923
48298
48413
49098
49409
49409
50060
50454
50455
50623
50625
50661
50665
50666
50667
50667
50668
50668
50688
50774
51035
51036
51037
51147
51149
51170
51173
51376
51433
51436
51630
51630
51731
51731
51805
51805
51805
51805
51805
51805
51805
51805
51909
51909
52001
52001
52085
52085
52266
52290
52323
52789
53444
53467
53501
53663
53670
54065
54065
54084
54086
54505
54747
54752
54918
54918
54958
54961
54962
56233
56234
56269
56270
56311
56380
56380
56907
56926
57163
57191
57316
57318
57733
57795
58277
58772
58792
58846
58923
58923
59102
59241
59321
59324
59513
59565
59566
59579
59579
5996
60180
60180
60460
60676
60791
60794
60795
60900
60997
60997
61212
61221
61252
61261
61311
61534
61618
61635
62226
62509
62565
62594
62849
62850
62878
62878
63679
63871
64332
64398
64398
64473
64962
64963
65483
65484
65747
65748
65750
66205
66637
66637
67033
67152
67230
67358
67422
67432
68391
68391
68595
68595
68628
68630
68630
68630
68670
68734
69131
69131
69165
69422
69641
69760
70052
70052
70280
70300
70344
70366
70367
7057
70936
70938
70939
70962
70962
70962
71030
71162
71964
71964
71964
72195
72195
72229
72229
72268
72547
72547
72547
72547
72677
72688
72695
72970
73027
73123
7321
73260
73544
73585
74361
74517
7456
74977
75162
75189
75190
75726
76408
76408
76408
76408
76831
76831
76831
76831
76831
76868
77160
77241
77346
77347
77945
77945
78381
78562
78562
78651
78781
78799
79113
79146
79220
79236
79711
7973
7974
7974
79769
79775
80313
80482
80761
80785
80840
80841
80844
81001
81001
81112
81190
81269
81270
81731
81851
81883
81970
81970
81970
82071
82077
82274
82274
82367
82455
82538
82817
83270
83527
83536
83667
83688
83934
83934
84393
84536
84693
84704
84705
84943
84965
85123
85139
85168
85184
85292
85362
85434
85471
85909
85945
86160
87282
87412
87565
87780
87781
87794
87795
87799
87936
87936
88409
88409
88574
88724
88807
89516
90014
90014
9032
90797
91359
91359
91912
91912
92627
92637
92978
93010
93030
94036
94230
94231
94231
94342
94343
94344
94355
94807
95035
95258
95258
95563
95567
95694
95695
95695
95697
95698
96033
96063
96460
96606
96606
96654
96890
96904
96950
96950
97392
977
97793
97909
97909
98193
98392
9841
98676
98771
9886
98866
98869
9887
9887
99193
99193
99644
99644
99644
99644
99795
99796
99955
99955
99955
99958